2 0.165625 0.588281 0.106250 0.039062
2 0.171875 0.333594 0.093750 0.039062
2 0.178125 0.134375 0.100000 0.043750
2 0.192188 0.071094 0.140625 0.045312
2 0.278906 0.650000 0.095312 0.034375
2 0.572656 0.610156 0.101562 0.042188
2 0.591406 0.360156 0.079687 0.032813
2 0.700000 0.671875 0.093750 0.040625
2 0.711719 0.417187 0.076563 0.034375
3 0.162500 0.687500 0.112500 0.112500
3 0.177344 0.432031 0.126562 0.126562
3 0.568750 0.705469 0.134375 0.123438
3 0.594531 0.457813 0.114062 0.128125
6 0.306250 0.219531 0.353125 0.114062
6 0.317969 0.703906 0.176563 0.079687
6 0.732031 0.732031 0.192188 0.085938
6 0.748437 0.478125 0.165625 0.084375