2 0.508594 0.067969 0.367188 0.089063
3 0.219531 0.542188 0.204687 0.165625
3 0.480469 0.542188 0.217188 0.165625
3 0.722656 0.543750 0.207813 0.175000
4 0.211719 0.662500 0.207813 0.050000
4 0.217969 0.725000 0.220312 0.050000
4 0.469531 0.653906 0.185938 0.048438
4 0.480469 0.719531 0.217188 0.048438
4 0.719531 0.720313 0.182812 0.046875
4 0.724219 0.664062 0.195312 0.043750
6 0.214062 0.835938 0.225000 0.131250
6 0.462500 0.826562 0.240625 0.125000
6 0.557813 0.262500 0.756250 0.278125
6 0.715625 0.827344 0.243750 0.142187