0 0.682813 0.860156 0.109375 0.192188
0 0.839844 0.833594 0.139063 0.173437
1 0.339062 0.479687 0.143750 0.096875
1 0.346875 0.658594 0.162500 0.123438
1 0.514844 0.468750 0.154688 0.118750
1 0.525781 0.642969 0.160938 0.098437
1 0.707812 0.453906 0.175000 0.129688
1 0.714063 0.614062 0.168750 0.118750
1 0.893750 0.416406 0.128125 0.123438
1 0.906250 0.587500 0.156250 0.131250
2 0.060156 0.094531 0.089063 0.107813
7 0.377344 0.264062 0.201563 0.118750
7 0.799219 0.215625 0.104688 0.112500
9 0.276562 0.102344 0.259375 0.129688