0 0.305000 0.938889 0.408333 0.086667
0 0.726667 0.933333 0.410000 0.115556
2 0.535000 0.073889 0.911667 0.127778
4 0.142500 0.746111 0.070000 0.050000
4 0.160000 0.576667 0.135000 0.062222
4 0.164583 0.382222 0.127500 0.053333
4 0.204583 0.192778 0.207500 0.065556
4 0.557500 0.562778 0.090000 0.058889
4 0.571667 0.381111 0.138333 0.053333
4 0.588750 0.738889 0.152500 0.055556
4 0.611250 0.192222 0.177500 0.086667
8 0.284167 0.633333 0.345000 0.066667
8 0.289583 0.805000 0.367500 0.065556
8 0.728750 0.635556 0.439167 0.062222
9 0.280833 0.460556 0.361667 0.094444
9 0.285417 0.272222 0.377500 0.082222
9 0.609583 0.790556 0.209167 0.085556
9 0.737500 0.270556 0.443333 0.092222
9 0.740000 0.462222 0.461667 0.113333