2 0.160417 0.215000 0.134167 0.056667
2 0.538333 0.086667 0.908333 0.106667
4 0.180000 0.644444 0.153333 0.073333
4 0.225000 0.383333 0.255000 0.066667
4 0.226250 0.297778 0.242500 0.066667
4 0.247083 0.541667 0.280833 0.056667
4 0.411250 0.865000 0.154167 0.090000
4 0.413750 0.766667 0.147500 0.097778
4 0.638750 0.388889 0.117500 0.066667
4 0.644167 0.293333 0.138333 0.062222
4 0.715000 0.852778 0.213333 0.070000
4 0.716667 0.770556 0.200000 0.112222
4 0.773333 0.644444 0.365000 0.073333
4 0.879583 0.292222 0.145833 0.077778
4 0.884583 0.393333 0.142500 0.077778
4 0.891667 0.837778 0.083333 0.080000
4 0.907917 0.757778 0.085833 0.062222
4 0.914167 0.537222 0.085000 0.070000
7 0.189583 0.866667 0.150833 0.077778
7 0.215417 0.765000 0.205833 0.065556