2 0.195556 0.073333 0.137778 0.068333
2 0.269444 0.593750 0.310000 0.064167
2 0.280000 0.586667 0.362222 0.083333
2 0.282222 0.335000 0.400000 0.078333
2 0.282222 0.340417 0.348889 0.064167
2 0.332222 0.082083 0.404444 0.070833
2 0.672222 0.615417 0.315556 0.069167
2 0.676111 0.370000 0.254444 0.061667
2 0.693889 0.608750 0.381111 0.080833
2 0.699444 0.365417 0.383333 0.070833
3 0.171667 0.690417 0.114444 0.115833
3 0.181111 0.440833 0.124444 0.123333
3 0.573889 0.709583 0.127778 0.115833
3 0.595556 0.463750 0.122222 0.130833
3 0.728333 0.194167 0.345556 0.246667
4 0.246111 0.145000 0.256667 0.055000
4 0.332222 0.652500 0.202222 0.050000
4 0.343889 0.404583 0.198889 0.052500
4 0.735556 0.675000 0.188889 0.055000
4 0.765556 0.423333 0.173333 0.056667
6 0.301111 0.219583 0.377778 0.127500
6 0.327222 0.703750 0.170000 0.080833
6 0.332222 0.461667 0.173333 0.098333
6 0.734444 0.730000 0.215556 0.083333
6 0.755000 0.488333 0.176667 0.088333