0 0.160417 0.901667 0.175833 0.123333
2 0.199583 0.053889 0.269167 0.094444
4 0.105417 0.776111 0.080833 0.074444
4 0.133333 0.678889 0.126667 0.071111
4 0.180000 0.390556 0.220000 0.074444
4 0.206667 0.150000 0.230000 0.057778
7 0.172917 0.251667 0.117500 0.052222
7 0.175000 0.589444 0.166667 0.061111
7 0.191250 0.195556 0.144167 0.064444
7 0.191250 0.306667 0.159167 0.057778
7 0.261667 0.518889 0.345000 0.071111
7 0.276667 0.451667 0.350000 0.067778
8 0.246250 0.783333 0.185833 0.071111
9 0.323750 0.673333 0.247500 0.097778