0 0.280417 0.946667 0.427500 0.104444
0 0.533333 0.443333 0.043333 0.080000
0 0.548750 0.252222 0.040833 0.064444
0 0.642500 0.458889 0.046667 0.082222
0 0.650000 0.251111 0.046667 0.084444
0 0.711250 0.942778 0.410833 0.112222
2 0.513333 0.042778 0.873333 0.085556
3 0.147500 0.245000 0.096667 0.141111
3 0.155417 0.440000 0.092500 0.140000
4 0.130417 0.140000 0.097500 0.073333
4 0.150417 0.831111 0.122500 0.080000
4 0.163333 0.593333 0.180000 0.082222
4 0.178750 0.718889 0.185833 0.062222
4 0.318333 0.405556 0.223333 0.060000
4 0.327083 0.222222 0.245833 0.051111
4 0.589167 0.448333 0.031667 0.085556
4 0.592500 0.609444 0.110000 0.065556
4 0.595417 0.241667 0.037500 0.065556
4 0.600417 0.731111 0.134167 0.071111
4 0.601250 0.148889 0.075833 0.051111
4 0.835000 0.832222 0.155000 0.073333
4 0.843333 0.170556 0.113333 0.056667
4 0.843333 0.607778 0.141667 0.071111
4 0.846250 0.728889 0.140833 0.048889
4 0.855833 0.447778 0.143333 0.073333
4 0.860417 0.267778 0.134167 0.080000
5 0.340833 0.726111 0.078333 0.067778