2 0.554536 0.212458 0.774298 0.389321
3 0.213823 0.537264 0.203024 0.175751
3 0.465983 0.535039 0.182505 0.175751
3 0.710583 0.539488 0.174946 0.180200
4 0.213283 0.651279 0.191145 0.047831
4 0.215443 0.723026 0.214903 0.064516
4 0.464363 0.652392 0.196544 0.052280
4 0.471382 0.722469 0.210583 0.076752
4 0.496220 0.347608 0.236501 0.092325
4 0.507019 0.065072 0.325054 0.074527
4 0.517279 0.258065 0.475162 0.088988
4 0.558315 0.161846 0.747300 0.094549
4 0.710583 0.720245 0.192225 0.074527
4 0.717603 0.657953 0.182505 0.047831
6 0.213823 0.833704 0.239741 0.147942
6 0.463823 0.828142 0.249460 0.145717
6 0.714903 0.829811 0.239741 0.153504