0 0.732500 0.926667 0.245000 0.113333
2 0.426667 0.202222 0.253333 0.035556
2 0.527917 0.102778 0.715833 0.130000
3 0.241250 0.250556 0.112500 0.138889
3 0.331667 0.499444 0.288333 0.083333
3 0.728750 0.211111 0.177500 0.066667
4 0.253750 0.781667 0.114167 0.070000
4 0.262917 0.615000 0.164167 0.076667
4 0.309583 0.414444 0.244167 0.066667
4 0.357083 0.255556 0.107500 0.060000
4 0.568333 0.513889 0.130000 0.081111
4 0.742500 0.270000 0.175000 0.060000
9 0.381250 0.909444 0.387500 0.170000
9 0.382917 0.698333 0.397500 0.074444