2 0.357083 0.081111 0.172500 0.073333
2 0.379583 0.737778 0.187500 0.080000
2 0.499167 0.412222 0.190000 0.062222
3 0.172500 0.178333 0.183333 0.290000
3 0.187500 0.847778 0.195000 0.300000
3 0.716250 0.523889 0.205833 0.276667
4 0.356667 0.080000 0.183333 0.088889
4 0.362083 0.147222 0.184167 0.056667
4 0.376667 0.802222 0.181667 0.053333
4 0.381667 0.738333 0.203333 0.090000
4 0.493333 0.408889 0.205000 0.066667
4 0.510000 0.470000 0.180000 0.062222
6 0.430000 0.570556 0.330000 0.118889
6 0.444167 0.902778 0.320000 0.130000
6 0.556667 0.236667 0.553333 0.120000