0 0.755000 0.796667 0.400000 0.115556
2 0.253750 0.045000 0.289167 0.065556
2 0.707500 0.182222 0.270000 0.066667
3 0.113750 0.682222 0.072500 0.133333
3 0.202917 0.686667 0.077500 0.137778
3 0.253333 0.361667 0.286667 0.421111
3 0.289167 0.682778 0.078333 0.136667
3 0.387917 0.685556 0.075833 0.133333
4 0.615417 0.633333 0.097500 0.046667
4 0.618333 0.691111 0.111667 0.062222
4 0.635417 0.320556 0.114167 0.067778
4 0.681250 0.243333 0.202500 0.055556
4 0.801667 0.692222 0.106667 0.057778
4 0.827917 0.632222 0.164167 0.060000
7 0.642083 0.385556 0.120833 0.053333
7 0.644167 0.455000 0.120000 0.050000
7 0.650000 0.527222 0.146667 0.047778