0 0.680937 0.861702 0.121875 0.180851
0 0.842187 0.836879 0.150625 0.202128
1 0.336250 0.480496 0.163750 0.124113
1 0.343125 0.655142 0.172500 0.161348
1 0.515938 0.480496 0.168125 0.131206
1 0.523438 0.649823 0.168125 0.140071
1 0.708750 0.433511 0.183750 0.164894
1 0.715625 0.637411 0.180000 0.140071
1 0.905937 0.424645 0.158125 0.182624
1 0.908750 0.603723 0.163750 0.161348
4 0.059687 0.105496 0.093125 0.143617
4 0.102188 0.531915 0.204375 0.198582
4 0.108125 0.304078 0.198750 0.111702
7 0.380625 0.289007 0.212500 0.148936
7 0.542500 0.250000 0.097500 0.127660
7 0.670625 0.248227 0.127500 0.124113
7 0.802813 0.217199 0.114375 0.143617
9 0.277813 0.099291 0.278125 0.152482