0 0.279167 0.947778 0.433333 0.102222
0 0.531250 0.452778 0.059167 0.070000
0 0.550000 0.248333 0.046667 0.067778
0 0.640000 0.453333 0.060000 0.077778
0 0.649167 0.247778 0.053333 0.084444
0 0.705833 0.952222 0.416667 0.093333
2 0.476667 0.042222 0.770000 0.084444
3 0.151250 0.241667 0.092500 0.152222
3 0.154583 0.429444 0.089167 0.150000
4 0.134167 0.122778 0.105000 0.047778
4 0.144583 0.836667 0.115833 0.062222
4 0.170000 0.605000 0.173333 0.083333
4 0.174583 0.718889 0.195833 0.082222
4 0.283333 0.461111 0.133333 0.077778
4 0.325417 0.221667 0.234167 0.067778
4 0.327500 0.397222 0.230000 0.050000
4 0.582083 0.449444 0.040833 0.076667
4 0.582917 0.608889 0.127500 0.084444
4 0.592500 0.146111 0.086667 0.061111
4 0.598333 0.243333 0.030000 0.057778
4 0.599167 0.737222 0.126667 0.052222
4 0.832917 0.841667 0.144167 0.092222
4 0.836667 0.728889 0.120000 0.071111
4 0.840833 0.157222 0.091667 0.074444
4 0.848750 0.604444 0.144167 0.082222
4 0.857083 0.267778 0.152500 0.075556
4 0.857917 0.443889 0.134167 0.076667
5 0.345417 0.728889 0.070833 0.071111