0 0.679688 0.865248 0.123125 0.234043
0 0.842812 0.852837 0.141875 0.209220
1 0.336562 0.484929 0.149375 0.108156
1 0.347813 0.661348 0.166875 0.145390
1 0.514375 0.468972 0.156250 0.132979
1 0.526250 0.640957 0.165000 0.115248
1 0.711875 0.625000 0.172500 0.164894
1 0.712812 0.455674 0.189375 0.131206
1 0.909062 0.593085 0.156875 0.132979
1 0.910312 0.443262 0.166875 0.152482
4 0.060312 0.101950 0.103125 0.157801
4 0.107813 0.525709 0.195625 0.164894
4 0.108125 0.312943 0.193750 0.108156
7 0.374063 0.278369 0.205625 0.120567
7 0.548750 0.243794 0.092500 0.108156
7 0.676250 0.241135 0.118750 0.092199
7 0.803438 0.217199 0.113125 0.136525
9 0.283750 0.099291 0.285000 0.120567