0 0.774583 0.772222 0.429167 0.157778
2 0.238750 0.076111 0.295833 0.078889
2 0.685000 0.166111 0.298333 0.052222
3 0.120000 0.720000 0.090000 0.146667
3 0.213750 0.711667 0.082500 0.143333
3 0.246667 0.378333 0.330000 0.438889
3 0.302500 0.706111 0.085000 0.134444
3 0.399583 0.696667 0.095833 0.155556
4 0.625833 0.622778 0.100000 0.047778
4 0.628333 0.679444 0.105000 0.050000
4 0.630000 0.310556 0.128333 0.041111
4 0.664167 0.227778 0.223333 0.053333
4 0.813750 0.661667 0.115833 0.043333
4 0.838750 0.610000 0.164167 0.053333
7 0.633750 0.373333 0.115833 0.062222
7 0.642500 0.441667 0.123333 0.065556
7 0.647083 0.521667 0.174167 0.061111