2 0.375833 0.077778 0.178333 0.084444
2 0.376667 0.732778 0.205000 0.067778
2 0.504167 0.405556 0.173333 0.064444
3 0.161250 0.826111 0.204167 0.314444
3 0.192917 0.152778 0.167500 0.294444
3 0.717500 0.532778 0.181667 0.283333
4 0.371250 0.073333 0.182500 0.084444
4 0.372083 0.131111 0.175833 0.080000
4 0.373333 0.794444 0.185000 0.057778
4 0.376250 0.742222 0.199167 0.066667
4 0.503750 0.414444 0.177500 0.057778
4 0.514167 0.470556 0.168333 0.050000
6 0.429583 0.566111 0.345833 0.138889
6 0.434167 0.898889 0.315000 0.133333
6 0.554167 0.230556 0.533333 0.147778