0 0.753750 0.797778 0.397500 0.122222
2 0.250833 0.046111 0.303333 0.065556
2 0.704583 0.181667 0.259167 0.067778
3 0.114583 0.680556 0.075833 0.141111
3 0.203333 0.680000 0.078333 0.128889
3 0.250833 0.355000 0.288333 0.416667
3 0.291250 0.686667 0.072500 0.142222
3 0.386667 0.686111 0.085000 0.132222
4 0.615417 0.635000 0.112500 0.045556
4 0.617917 0.691111 0.110833 0.060000
4 0.633333 0.316667 0.113333 0.048889
4 0.681250 0.250000 0.212500 0.062222
4 0.803333 0.692778 0.113333 0.065556
4 0.827917 0.636667 0.167500 0.048889
7 0.640000 0.390000 0.113333 0.053333
7 0.644583 0.451111 0.127500 0.062222
7 0.650000 0.530556 0.153333 0.056667