0 0.110247 0.930556 0.220495 0.116667
0 0.385159 0.942778 0.244523 0.112222
0 0.660777 0.942778 0.244523 0.112222
0 0.918728 0.084444 0.161131 0.133333
2 0.212721 0.098333 0.416961 0.174444
3 0.116961 0.443889 0.212721 0.390000
3 0.382686 0.425556 0.194346 0.402222
3 0.673498 0.419444 0.200707 0.390000
4 0.112721 0.679444 0.150530 0.076667
4 0.114841 0.860000 0.115194 0.062222
4 0.383392 0.667778 0.174558 0.071111
4 0.389753 0.848889 0.150530 0.073333
4 0.665724 0.842778 0.145583 0.085556
4 0.667491 0.661111 0.175972 0.073333
6 0.109541 0.790000 0.162544 0.124444
6 0.377739 0.769444 0.195760 0.107778
6 0.662191 0.755556 0.204947 0.097778
9 0.717314 0.082778 0.223322 0.138889