2 0.099587 0.211667 0.162023 0.096667
2 0.188854 0.085000 0.344685 0.123333
2 0.202270 0.573889 0.340557 0.118889
4 0.109907 0.709444 0.153767 0.074444
4 0.167699 0.408889 0.271414 0.068889
4 0.172343 0.334444 0.255934 0.062222
4 0.530960 0.324444 0.131063 0.062222
4 0.531476 0.396111 0.150671 0.056667
4 0.698142 0.824444 0.223942 0.104444
4 0.705882 0.918889 0.235294 0.086667
4 0.779154 0.721111 0.350877 0.108889
4 0.799794 0.315000 0.167183 0.076667
4 0.802374 0.399444 0.178535 0.074444
4 0.884417 0.906667 0.099071 0.106667
4 0.894221 0.805000 0.118679 0.078889
5 0.831785 0.553333 0.109391 0.091111
7 0.199690 0.939444 0.333333 0.116667
7 0.246130 0.828333 0.426213 0.101111