0 0.344167 0.699444 0.048333 0.052222
0 0.422917 0.697778 0.034167 0.048889
2 0.266667 0.082778 0.355000 0.101111
4 0.204583 0.692222 0.195833 0.071111
4 0.212083 0.844444 0.200833 0.133333
4 0.220417 0.323333 0.227500 0.077778
4 0.235000 0.229444 0.256667 0.061111
4 0.238750 0.451667 0.264167 0.081111
4 0.243750 0.571111 0.274167 0.077778
4 0.387500 0.700556 0.036667 0.067778
8 0.438333 0.330000 0.168333 0.064444
8 0.448750 0.222778 0.164167 0.067778
8 0.456667 0.444444 0.151667 0.084444
8 0.474167 0.576111 0.161667 0.074444