2 0.212083 0.735556 0.157500 0.053333
2 0.457500 0.725556 0.160000 0.055556
2 0.504583 0.114444 0.347500 0.160000
2 0.722917 0.732222 0.192500 0.044444
3 0.195833 0.601667 0.171667 0.192222
3 0.425417 0.611667 0.149167 0.161111
3 0.679167 0.610000 0.135000 0.164444
4 0.212083 0.792778 0.177500 0.056667
4 0.470000 0.787222 0.170000 0.047778
4 0.729583 0.788889 0.199167 0.066667
6 0.209167 0.882778 0.196667 0.134444
6 0.457500 0.886111 0.193333 0.136667
6 0.571667 0.378889 0.643333 0.304444
6 0.725000 0.889444 0.190000 0.138889