2 0.369167 0.071111 0.163333 0.086667
2 0.377917 0.746667 0.189167 0.073333
2 0.502083 0.415556 0.185833 0.068889
3 0.168333 0.830000 0.181667 0.331111
3 0.187500 0.154444 0.168333 0.300000
3 0.718333 0.536667 0.193333 0.306667
4 0.373750 0.073889 0.174167 0.070000
4 0.374583 0.142778 0.174167 0.076667
4 0.376667 0.734444 0.188333 0.084444
4 0.377500 0.795556 0.186667 0.082222
4 0.500833 0.405000 0.191667 0.092222
4 0.510000 0.468889 0.171667 0.077778
6 0.431250 0.570000 0.330833 0.140000
6 0.431667 0.897778 0.323333 0.140000
6 0.562917 0.235556 0.534167 0.160000