0 0.765833 0.775000 0.408333 0.143333
2 0.235000 0.068333 0.288333 0.061111
2 0.686667 0.172778 0.268333 0.052222
3 0.119167 0.708889 0.091667 0.151111
3 0.215000 0.711111 0.086667 0.131111
3 0.253750 0.369444 0.314167 0.425556
3 0.307500 0.705556 0.090000 0.131111
3 0.397917 0.691667 0.090833 0.156667
4 0.617500 0.607222 0.100000 0.061111
4 0.628333 0.307222 0.111667 0.058889
4 0.630417 0.681111 0.094167 0.060000
4 0.670417 0.232778 0.220833 0.045556
4 0.808333 0.656667 0.116667 0.051111
4 0.839583 0.603889 0.157500 0.058889
7 0.630000 0.370556 0.125000 0.061111
7 0.637917 0.440556 0.144167 0.061111
7 0.650417 0.518889 0.150833 0.080000