0 0.408333 0.947500 0.403333 0.100000
4 0.289444 0.814583 0.056667 0.070833
4 0.308889 0.573750 0.380000 0.054167
4 0.326667 0.730417 0.435556 0.070833
4 0.403333 0.493333 0.562222 0.078333
4 0.562778 0.129167 0.823333 0.100000
4 0.788333 0.742083 0.134444 0.049167
7 0.303889 0.296250 0.298889 0.089167
7 0.362222 0.211250 0.442222 0.054167
7 0.377778 0.388333 0.475556 0.086667
8 0.175556 0.803750 0.160000 0.079167
8 0.400000 0.813750 0.146667 0.052500
9 0.466667 0.646667 0.722222 0.078333
9 0.791667 0.818750 0.185556 0.079167