0 0.824167 0.925000 0.295000 0.127778
1 0.357500 0.857222 0.610000 0.130000
2 0.230000 0.081111 0.430000 0.157778
4 0.081667 0.226667 0.106667 0.073333
4 0.096250 0.426667 0.164167 0.082222
4 0.123333 0.633333 0.168333 0.093333
4 0.549167 0.409444 0.158333 0.078889
4 0.573333 0.199444 0.228333 0.078889
4 0.648333 0.598889 0.341667 0.082222
9 0.231250 0.516667 0.424167 0.124444
9 0.238333 0.313889 0.430000 0.118889
9 0.243333 0.718333 0.408333 0.116667
9 0.698333 0.284444 0.498333 0.124444
9 0.699167 0.490556 0.470000 0.101111
9 0.709583 0.707778 0.470833 0.166667