0 0.122917 0.668333 0.172500 0.074444
0 0.347917 0.667778 0.184167 0.077778
0 0.570000 0.666111 0.191667 0.076667
0 0.830833 0.100000 0.113333 0.080000
2 0.119167 0.467222 0.131667 0.043333
2 0.302500 0.129444 0.553333 0.121111
2 0.342083 0.468333 0.134167 0.041111
2 0.566667 0.468889 0.143333 0.042222
3 0.112500 0.328889 0.160000 0.220000
3 0.334167 0.321111 0.160000 0.251111
3 0.576250 0.320556 0.167500 0.252222
4 0.115833 0.599444 0.125000 0.047778
4 0.337500 0.605000 0.133333 0.058889
4 0.569583 0.595556 0.122500 0.051111
6 0.116250 0.531111 0.120833 0.071111
6 0.336250 0.532778 0.125833 0.078889
6 0.564167 0.534444 0.148333 0.088889
9 0.666250 0.102222 0.205833 0.068889