2 0.221250 0.758889 0.154167 0.046667
2 0.472083 0.726111 0.145833 0.065556
2 0.489167 0.117778 0.350000 0.153333
2 0.737083 0.715556 0.187500 0.051111
3 0.206667 0.626667 0.168333 0.193333
3 0.435833 0.614444 0.155000 0.171111
3 0.685000 0.599444 0.165000 0.174444
4 0.227917 0.815556 0.174167 0.051111
4 0.480417 0.790000 0.177500 0.053333
4 0.745417 0.769444 0.190833 0.058889
6 0.227083 0.910000 0.184167 0.111111
6 0.477083 0.885556 0.180833 0.111111
6 0.571667 0.373333 0.670000 0.311111
6 0.735417 0.860556 0.195833 0.114444