0 0.416250 0.092778 0.075833 0.074444
3 0.146667 0.715556 0.085000 0.111111
3 0.147917 0.281111 0.097500 0.111111
3 0.153333 0.467778 0.073333 0.113333
4 0.128750 0.092778 0.122500 0.067778
4 0.246250 0.443889 0.092500 0.045556
4 0.247500 0.674444 0.095000 0.042222
4 0.247500 0.718333 0.105000 0.045556
4 0.248750 0.491111 0.087500 0.042222
4 0.253750 0.246667 0.097500 0.048889
4 0.253750 0.290556 0.097500 0.038889
5 0.252500 0.769444 0.110000 0.061111
5 0.255000 0.542222 0.105000 0.057778
5 0.262500 0.342778 0.115000 0.045556
9 0.284583 0.096111 0.159167 0.067778