2 0.322222 0.162431 0.451111 0.089754
2 0.527778 0.087371 0.882222 0.084194
4 0.255556 0.413026 0.240000 0.079428
4 0.270000 0.233519 0.264444 0.073074
4 0.288889 0.309373 0.277778 0.062748
4 0.328889 0.541303 0.460000 0.075457
4 0.415000 0.679508 0.421111 0.080222
4 0.447778 0.835187 0.486667 0.080222
4 0.476667 0.969817 0.528889 0.058777
7 0.268333 0.909849 0.278889 0.083400
7 0.298889 0.763304 0.362222 0.061954
7 0.303889 0.605639 0.343333 0.070691
9 0.546667 0.405083 0.206667 0.071485
9 0.568333 0.319301 0.270000 0.061954
9 0.575556 0.235107 0.282222 0.073074