0 0.120000 0.640000 0.163333 0.075556
0 0.339583 0.655000 0.172500 0.078889
0 0.567083 0.670556 0.185833 0.070000
0 0.846667 0.122778 0.113333 0.076667
2 0.122917 0.437222 0.125833 0.052222
2 0.272083 0.124444 0.480833 0.097778
2 0.348750 0.443889 0.117500 0.065556
2 0.571667 0.473333 0.146667 0.057778
3 0.127500 0.308333 0.153333 0.212222
3 0.349167 0.311667 0.166667 0.243333
3 0.578750 0.321667 0.154167 0.243333
4 0.117917 0.574444 0.125833 0.048889
4 0.331250 0.590556 0.134167 0.050000
4 0.564167 0.602222 0.131667 0.051111
6 0.120000 0.504444 0.111667 0.073333
6 0.338750 0.520000 0.114167 0.088889
6 0.562083 0.539444 0.130833 0.074444
9 0.685417 0.122778 0.194167 0.070000