0 0.674687 0.834944 0.120625 0.175523
0 0.832812 0.816425 0.139375 0.161031
1 0.336562 0.661031 0.168125 0.123994
1 0.339687 0.502415 0.150625 0.083736
1 0.510312 0.481481 0.159375 0.086957
1 0.522813 0.654589 0.166875 0.104670
1 0.701875 0.468599 0.185000 0.090177
1 0.710313 0.634461 0.169375 0.138486
1 0.900000 0.448470 0.155000 0.101449
1 0.911563 0.591787 0.175625 0.143317
4 0.062812 0.153784 0.103125 0.172303
4 0.104375 0.529791 0.191250 0.109501
4 0.107500 0.340580 0.200000 0.098229
7 0.379688 0.302738 0.215625 0.115942
7 0.546875 0.304348 0.088750 0.128824
7 0.664687 0.274557 0.115625 0.082126
7 0.795625 0.259259 0.106250 0.106280
9 0.282187 0.144928 0.281875 0.138486