2 0.201250 0.200000 0.184167 0.091111
2 0.255000 0.524444 0.315000 0.097778
2 0.540833 0.082778 0.880000 0.141111
2 0.915417 0.565556 0.109167 0.100000
4 0.182917 0.622778 0.145833 0.092222
4 0.227083 0.363333 0.247500 0.084444
4 0.228750 0.275000 0.257500 0.070000
4 0.401250 0.856667 0.157500 0.086667
4 0.408333 0.752222 0.143333 0.100000
4 0.653333 0.393889 0.155000 0.083333
4 0.660000 0.298889 0.125000 0.066667
4 0.703750 0.778889 0.189167 0.093333
4 0.705417 0.868889 0.205833 0.073333
4 0.772917 0.660556 0.364167 0.096667
4 0.883750 0.867778 0.079167 0.071111
4 0.891250 0.418333 0.145833 0.074444
4 0.900417 0.318889 0.140833 0.088889
4 0.901250 0.776667 0.084167 0.064444
7 0.177917 0.841111 0.154167 0.062222
7 0.205000 0.745000 0.200000 0.076667