0 0.801667 0.925000 0.305000 0.136667
1 0.439583 0.837222 0.787500 0.105556
2 0.248750 0.078333 0.452500 0.147778
4 0.090417 0.209444 0.120833 0.074444
4 0.105417 0.416111 0.139167 0.092222
4 0.127917 0.618333 0.192500 0.103333
4 0.554583 0.408333 0.182500 0.067778
4 0.582083 0.198889 0.220833 0.084444
4 0.647917 0.600556 0.334167 0.078889
9 0.237083 0.506111 0.409167 0.112222
9 0.240000 0.306111 0.433333 0.112222
9 0.242083 0.707222 0.420833 0.114444
9 0.704167 0.495556 0.475000 0.113333
9 0.705417 0.299444 0.480833 0.141111
9 0.708333 0.693889 0.493333 0.112222