0 0.739203 0.935000 0.416944 0.127778
2 0.225083 0.077778 0.325581 0.133333
3 0.059801 0.769444 0.107973 0.181111
3 0.176495 0.769444 0.098837 0.176667
3 0.218439 0.417778 0.337209 0.480000
3 0.279070 0.772222 0.086379 0.193333
3 0.377076 0.771111 0.106312 0.191111
4 0.611711 0.835000 0.110465 0.072222
4 0.615033 0.756111 0.110465 0.056667
4 0.629153 0.377222 0.171927 0.083333
4 0.704319 0.285556 0.303987 0.133333
4 0.715116 0.153889 0.307309 0.105556
4 0.828488 0.827222 0.127076 0.076667
4 0.867110 0.758889 0.191030 0.068889
7 0.622924 0.482778 0.154485 0.078889
7 0.625415 0.583333 0.161130 0.084444
7 0.640781 0.678333 0.201827 0.083333