0 0.715417 0.936111 0.245833 0.114444
2 0.438333 0.191667 0.246667 0.052222
2 0.501250 0.086667 0.629167 0.148889
3 0.241250 0.228333 0.120833 0.152222
3 0.328750 0.506667 0.282500 0.093333
3 0.736667 0.218889 0.153333 0.066667
4 0.238750 0.763333 0.125833 0.068889
4 0.266667 0.597778 0.160000 0.068889
4 0.307500 0.398889 0.231667 0.075556
4 0.377083 0.263333 0.140833 0.088889
4 0.572083 0.526111 0.122500 0.094444
4 0.748750 0.283889 0.160833 0.065556
9 0.368333 0.897778 0.390000 0.202222
9 0.370833 0.690000 0.386667 0.091111