2 0.269444 0.351250 0.392222 0.064167
2 0.272778 0.354583 0.334444 0.044167
2 0.282222 0.608333 0.346667 0.050000
2 0.283333 0.599167 0.395556 0.071667
2 0.288889 0.087500 0.417778 0.051667
2 0.293333 0.092500 0.446667 0.076667
2 0.667778 0.357083 0.295556 0.039167
2 0.690556 0.607500 0.327778 0.063333
2 0.694444 0.354583 0.395556 0.070833
2 0.707222 0.598750 0.412222 0.080833
3 0.173889 0.452917 0.123333 0.124167
3 0.181111 0.702917 0.124444 0.117500
3 0.587222 0.701250 0.127778 0.114167
3 0.593333 0.454167 0.140000 0.120000
3 0.696111 0.182500 0.372222 0.241667
4 0.256667 0.158750 0.346667 0.049167
4 0.340000 0.411667 0.204444 0.036667
4 0.340556 0.661667 0.185556 0.041667
4 0.756111 0.659583 0.183333 0.037500
4 0.758889 0.409167 0.195556 0.045000
6 0.270556 0.234167 0.376667 0.108333
6 0.330000 0.470417 0.202222 0.080833
6 0.338333 0.718333 0.192222 0.071667
6 0.749444 0.472500 0.187778 0.085000
6 0.754444 0.717917 0.211111 0.080833