0 0.827083 0.915556 0.310833 0.122222
1 0.350000 0.874444 0.638333 0.122222
2 0.221250 0.092222 0.434167 0.157778
4 0.077500 0.236667 0.106667 0.084444
4 0.097500 0.440000 0.136667 0.088889
4 0.137500 0.641111 0.178333 0.088889
4 0.568750 0.411111 0.214167 0.075556
4 0.579583 0.198889 0.259167 0.071111
4 0.642917 0.590556 0.344167 0.101111
9 0.228750 0.336111 0.409167 0.110000
9 0.243750 0.528889 0.429167 0.106667
9 0.254167 0.733333 0.418333 0.115556
9 0.698750 0.284444 0.479167 0.124444
9 0.721250 0.686111 0.474167 0.107778
9 0.736667 0.497222 0.525000 0.110000