0 0.202457 0.931667 0.385684 0.116667
0 0.489850 0.385000 0.048077 0.050000
0 0.497863 0.247222 0.042735 0.050000
0 0.598291 0.377222 0.044872 0.054444
0 0.600962 0.241111 0.054487 0.062222
0 0.703526 0.933333 0.505342 0.115556
3 0.083333 0.403333 0.108974 0.111111
3 0.084402 0.259444 0.106838 0.123333
4 0.089209 0.141111 0.116453 0.060000
4 0.090812 0.032222 0.132479 0.057778
4 0.091346 0.779444 0.161325 0.076667
4 0.122863 0.558333 0.226496 0.101111
4 0.192842 0.682778 0.351496 0.076667
4 0.241987 0.433333 0.191239 0.068889
4 0.248397 0.288889 0.204060 0.068889
4 0.279915 0.367778 0.267094 0.044444
4 0.282585 0.229444 0.272436 0.050000
4 0.543269 0.379444 0.056624 0.074444
4 0.547543 0.238889 0.045940 0.057778
4 0.553419 0.552778 0.198718 0.081111
4 0.556090 0.685000 0.167735 0.078889
4 0.558226 0.141111 0.097222 0.060000
4 0.791667 0.695000 0.181624 0.074444
4 0.810897 0.147222 0.111111 0.056667
4 0.811432 0.787778 0.186966 0.064444
4 0.816239 0.368889 0.177350 0.082222
4 0.821047 0.228333 0.169872 0.081111
4 0.821047 0.551111 0.189103 0.088889