2 0.367917 0.086111 0.187500 0.076667
2 0.389583 0.743333 0.212500 0.060000
2 0.497917 0.396667 0.192500 0.091111
3 0.177917 0.845556 0.205833 0.295556
3 0.178750 0.177222 0.177500 0.303333
3 0.717917 0.515000 0.200833 0.276667
4 0.360833 0.083333 0.173333 0.068889
4 0.372500 0.147222 0.190000 0.058889
4 0.382917 0.797778 0.175833 0.062222
4 0.392500 0.738889 0.218333 0.077778
4 0.500417 0.406111 0.180833 0.065556
4 0.507917 0.473333 0.167500 0.044444
6 0.422500 0.569444 0.350000 0.138889
6 0.442500 0.902778 0.320000 0.136667
6 0.555833 0.236111 0.536667 0.127778