2 0.270000 0.352083 0.353333 0.047500
2 0.280000 0.604583 0.324444 0.037500
2 0.282222 0.602917 0.393333 0.074167
2 0.283889 0.347500 0.396667 0.066667
2 0.296111 0.090417 0.407778 0.037500
2 0.301667 0.097917 0.432222 0.064167
2 0.438889 0.873750 0.700000 0.119167
2 0.689444 0.355417 0.327778 0.044167
2 0.692778 0.352083 0.385556 0.065833
2 0.694444 0.602917 0.337778 0.055833
2 0.703889 0.600417 0.405556 0.074167
3 0.172778 0.450000 0.123333 0.121667
3 0.182222 0.703333 0.113333 0.108333
3 0.587222 0.699167 0.136667 0.120000
3 0.590000 0.455000 0.120000 0.121667
3 0.693889 0.181250 0.370000 0.229167
4 0.221111 0.157917 0.257778 0.047500
4 0.342222 0.407917 0.195556 0.044167
4 0.345000 0.661667 0.201111 0.040000
4 0.753889 0.408333 0.176667 0.040000
4 0.757222 0.661250 0.183333 0.039167
6 0.273889 0.235417 0.363333 0.100833
6 0.338889 0.717917 0.188889 0.070833
6 0.342778 0.470833 0.201111 0.071667
6 0.747222 0.475000 0.172222 0.081667
6 0.758333 0.725833 0.207778 0.083333