2 0.189583 0.691667 0.144167 0.067778
2 0.445833 0.722222 0.141667 0.064444
2 0.534583 0.106111 0.344167 0.174444
2 0.704167 0.761111 0.193333 0.073333
3 0.185833 0.550556 0.133333 0.192222
3 0.417500 0.601111 0.131667 0.177778
3 0.677917 0.638889 0.140833 0.168889
4 0.185417 0.746111 0.174167 0.061111
4 0.445833 0.782778 0.160000 0.065556
4 0.706250 0.824444 0.187500 0.080000
6 0.180417 0.839444 0.165833 0.141111
6 0.427500 0.880000 0.178333 0.137778
6 0.600000 0.359444 0.633333 0.338889
6 0.672917 0.912778 0.169167 0.145556