2 0.223889 0.587083 0.218889 0.062500
2 0.226667 0.075833 0.211111 0.073333
2 0.277778 0.588333 0.380000 0.073333
2 0.288333 0.341250 0.338889 0.052500
2 0.295000 0.342083 0.374444 0.069167
2 0.333889 0.084583 0.401111 0.080833
2 0.666111 0.614167 0.330000 0.071667
2 0.686111 0.371667 0.292222 0.060000
2 0.700556 0.614583 0.436667 0.080833
2 0.712778 0.363333 0.410000 0.078333
3 0.161111 0.685417 0.124444 0.110833
3 0.170000 0.432917 0.122222 0.132500
3 0.565556 0.704167 0.124444 0.125000
3 0.595556 0.460000 0.131111 0.135000
3 0.735556 0.195417 0.380000 0.244167
4 0.251111 0.138333 0.253333 0.051667
4 0.328333 0.652500 0.192222 0.046667
4 0.350556 0.399167 0.218889 0.060000
4 0.750000 0.678333 0.186667 0.045000
4 0.772222 0.428750 0.200000 0.042500
6 0.307778 0.219583 0.362222 0.125833
6 0.323889 0.703750 0.190000 0.070833
6 0.336667 0.461250 0.188889 0.085833
6 0.736111 0.730833 0.198889 0.086667
6 0.761667 0.489583 0.178889 0.079167