0 0.117500 0.639444 0.178333 0.078889
0 0.332500 0.661667 0.191667 0.101111
0 0.564583 0.669444 0.200833 0.085556
0 0.849583 0.135000 0.114167 0.085556
2 0.125000 0.434444 0.126667 0.064444
2 0.294583 0.111667 0.502500 0.114444
2 0.345833 0.446667 0.130000 0.057778
2 0.573333 0.463333 0.148333 0.051111
3 0.126667 0.305556 0.151667 0.213333
3 0.354167 0.314444 0.150000 0.242222
3 0.582500 0.322222 0.156667 0.242222
4 0.121667 0.562222 0.111667 0.071111
4 0.331667 0.584444 0.136667 0.051111
4 0.562500 0.600000 0.143333 0.042222
6 0.115417 0.491667 0.119167 0.070000
6 0.339167 0.516111 0.140000 0.085556
6 0.555000 0.536667 0.133333 0.093333
9 0.693333 0.127778 0.191667 0.073333