2 0.529444 0.084194 0.872222 0.077840
4 0.257222 0.412629 0.243333 0.089754
4 0.281111 0.238284 0.260000 0.058777
4 0.283333 0.318507 0.277778 0.073074
4 0.313333 0.164416 0.464444 0.084194
4 0.322222 0.536537 0.486667 0.088165
4 0.432222 0.677125 0.433333 0.086577
4 0.452222 0.827641 0.502222 0.084194
4 0.480000 0.968229 0.508889 0.055600
7 0.269444 0.909849 0.332222 0.080222
7 0.298889 0.611994 0.351111 0.051628
7 0.298889 0.756950 0.373333 0.068308
9 0.543333 0.410643 0.195556 0.061954
9 0.572778 0.231930 0.272222 0.061954
9 0.574444 0.320095 0.293333 0.060365