0 0.122917 0.672222 0.172500 0.071111
0 0.346667 0.666667 0.180000 0.066667
0 0.567500 0.662778 0.200000 0.078889
0 0.830000 0.107222 0.120000 0.067778
2 0.127083 0.466667 0.144167 0.037778
2 0.297500 0.129444 0.565000 0.112222
2 0.341250 0.467778 0.132500 0.040000
2 0.567917 0.468333 0.125833 0.045556
3 0.117917 0.333333 0.172500 0.220000
3 0.341250 0.324444 0.150833 0.224444
3 0.567917 0.323333 0.160833 0.246667
4 0.121667 0.601667 0.118333 0.058889
4 0.332500 0.603333 0.136667 0.048889
4 0.567083 0.597222 0.132500 0.047778
6 0.120833 0.532778 0.118333 0.065556
6 0.335833 0.533889 0.116667 0.078889
6 0.558333 0.535000 0.141667 0.076667
9 0.674583 0.106667 0.192500 0.060000