2 0.285000 0.037260 0.272222 0.060096
4 0.300556 0.385016 0.230000 0.066506
4 0.323333 0.282452 0.286667 0.052083
4 0.330556 0.498397 0.396667 0.084936
4 0.333333 0.206731 0.295556 0.054487
4 0.357778 0.127003 0.435556 0.072917
4 0.420000 0.797276 0.380000 0.078526
4 0.436667 0.652244 0.413333 0.092949
4 0.436667 0.940705 0.402222 0.078526
7 0.298889 0.876202 0.255556 0.074519
7 0.315000 0.589343 0.292222 0.064904
7 0.337222 0.732372 0.332222 0.070513
9 0.668333 0.376202 0.356667 0.080929
9 0.670000 0.205929 0.348889 0.076923
9 0.671111 0.288862 0.351111 0.072917