2 0.245833 0.505000 0.293333 0.107778
2 0.514167 0.216667 0.810000 0.100000
2 0.549583 0.086111 0.894167 0.158889
2 0.906667 0.576111 0.118333 0.110000
4 0.173750 0.610000 0.134167 0.082222
4 0.231250 0.373333 0.249167 0.086667
4 0.235000 0.282222 0.255000 0.073333
4 0.399167 0.750000 0.150000 0.115556
4 0.400833 0.858333 0.140000 0.094444
4 0.649583 0.394444 0.127500 0.075556
4 0.658333 0.305556 0.118333 0.077778
4 0.700833 0.868889 0.226667 0.075556
4 0.708750 0.778889 0.179167 0.100000
4 0.781667 0.653889 0.361667 0.085556
4 0.880833 0.865000 0.080000 0.074444
4 0.891667 0.775556 0.098333 0.077778
4 0.894583 0.415000 0.134167 0.078889
4 0.897500 0.327222 0.128333 0.067778
7 0.176667 0.840000 0.146667 0.097778
7 0.205000 0.742222 0.200000 0.080000