0 0.315833 0.947222 0.418333 0.103333
0 0.743333 0.917222 0.406667 0.112222
1 0.282083 0.643333 0.377500 0.093333
1 0.291250 0.817222 0.375833 0.087778
1 0.730417 0.625556 0.465833 0.082222
2 0.504583 0.075556 0.865833 0.120000
4 0.149167 0.757778 0.091667 0.062222
4 0.161667 0.383889 0.130000 0.074444
4 0.167500 0.582778 0.135000 0.076667
4 0.200417 0.195000 0.212500 0.056667
4 0.559583 0.572778 0.100833 0.070000
4 0.581667 0.379444 0.133333 0.078889
4 0.585833 0.728889 0.153333 0.066667
4 0.605833 0.192778 0.188333 0.076667
9 0.275833 0.462778 0.370000 0.087778
9 0.284167 0.276667 0.371667 0.091111
9 0.615833 0.792778 0.218333 0.076667
9 0.734583 0.267778 0.454167 0.093333
9 0.734583 0.456111 0.467500 0.103333