0 0.332222 0.270563 0.504444 0.112554
1 0.155000 0.466991 0.243333 0.070346
1 0.162778 0.353355 0.290000 0.072511
1 0.193333 0.784091 0.251111 0.074675
1 0.201111 0.898268 0.306667 0.090909
1 0.330556 0.668831 0.532222 0.095238
1 0.468333 0.367965 0.236667 0.067100
1 0.473333 0.468615 0.220000 0.080087
1 0.532222 0.787338 0.262222 0.083333
1 0.542778 0.900974 0.272222 0.081169
1 0.833889 0.793831 0.238889 0.074675
1 0.847778 0.908550 0.246667 0.079004
2 0.478889 0.070346 0.853333 0.116883
4 0.496111 0.183442 0.887778 0.072511
4 0.513333 0.594156 0.964444 0.075758