0 0.307083 0.943889 0.439167 0.105556
0 0.744167 0.916111 0.398333 0.105556
2 0.519583 0.075000 0.922500 0.105556
4 0.152500 0.754444 0.091667 0.062222
4 0.159167 0.393333 0.120000 0.071111
4 0.170000 0.583333 0.130000 0.071111
4 0.197083 0.193889 0.214167 0.083333
4 0.555417 0.564444 0.095833 0.062222
4 0.572500 0.372778 0.148333 0.070000
4 0.590417 0.734444 0.152500 0.060000
4 0.612917 0.200556 0.189167 0.074444
8 0.303333 0.829444 0.406667 0.110000
8 0.725000 0.630000 0.450000 0.068889
9 0.275417 0.463333 0.364167 0.100000
9 0.280833 0.283333 0.383333 0.084444
9 0.285833 0.653889 0.375000 0.094444
9 0.618333 0.796111 0.210000 0.078889
9 0.735833 0.451667 0.470000 0.096667
9 0.752500 0.265556 0.493333 0.086667