2 0.201667 0.733333 0.143333 0.066667
2 0.461667 0.728889 0.153333 0.040000
2 0.502083 0.107778 0.417500 0.155556
2 0.718333 0.730000 0.196667 0.064444
3 0.197500 0.608889 0.160000 0.200000
3 0.428750 0.612222 0.137500 0.166667
3 0.682500 0.607778 0.143333 0.177778
4 0.216250 0.785556 0.164167 0.051111
4 0.468750 0.786111 0.182500 0.072222
4 0.736667 0.791667 0.211667 0.074444
6 0.209167 0.887222 0.178333 0.125556
6 0.462500 0.891667 0.188333 0.127778
6 0.592917 0.373333 0.685833 0.306667
6 0.715833 0.887778 0.208333 0.140000