2 0.303115 0.427666 0.479422 0.090813
2 0.558398 0.076558 0.509455 0.070750
3 0.183537 0.146251 0.273637 0.222809
4 0.142937 0.543823 0.172414 0.076030
4 0.363181 0.543295 0.230256 0.074974
4 0.669077 0.552270 0.303671 0.088701
5 0.216352 0.314678 0.305895 0.088701
5 0.497775 0.319958 0.183537 0.082365
5 0.705784 0.928194 0.248053 0.090813
5 0.781980 0.324182 0.280311 0.095037
6 0.148498 0.676346 0.174638 0.127772
6 0.365962 0.673706 0.226919 0.133052
6 0.547275 0.185850 0.491657 0.147835
6 0.674082 0.683738 0.320356 0.121436