0 0.276250 0.947778 0.442500 0.093333
0 0.532917 0.453889 0.050833 0.076667
0 0.541667 0.245000 0.056667 0.083333
0 0.641250 0.448889 0.060833 0.073333
0 0.647917 0.245000 0.054167 0.094444
0 0.714167 0.946111 0.415000 0.101111
2 0.470000 0.053333 0.773333 0.102222
3 0.142917 0.254444 0.102500 0.155556
3 0.152500 0.445000 0.085000 0.147778
4 0.135417 0.132222 0.109167 0.044444
4 0.146250 0.845000 0.122500 0.081111
4 0.166667 0.617222 0.158333 0.065556
4 0.179167 0.728889 0.186667 0.066667
4 0.286667 0.286111 0.166667 0.050000
4 0.288750 0.465556 0.147500 0.055556
4 0.318333 0.227222 0.231667 0.056667
4 0.322917 0.398889 0.215833 0.053333
4 0.580000 0.608333 0.125000 0.070000
4 0.587500 0.453889 0.023333 0.076667
4 0.587500 0.730000 0.145000 0.068889
4 0.588750 0.148333 0.070833 0.065556
4 0.597083 0.245000 0.027500 0.085556
4 0.833333 0.157222 0.085000 0.065556
4 0.836667 0.718333 0.133333 0.070000
4 0.847083 0.434444 0.130833 0.095556
4 0.850000 0.596667 0.160000 0.068889
4 0.853333 0.248889 0.133333 0.084444
5 0.342083 0.732778 0.077500 0.070000