0 0.277531 0.896891 0.426029 0.104663
0 0.717464 0.900000 0.420467 0.119171
2 0.251947 0.044560 0.325918 0.082902
4 0.126808 0.699482 0.102336 0.074611
4 0.154060 0.333679 0.143493 0.064249
4 0.163515 0.537824 0.175751 0.078756
4 0.215239 0.153368 0.239155 0.068394
4 0.592325 0.522280 0.132369 0.060104
4 0.610679 0.341969 0.164627 0.076684
4 0.621802 0.698446 0.197998 0.064249
4 0.656841 0.146114 0.243604 0.058031
8 0.254171 0.602073 0.365962 0.074611
8 0.255840 0.765803 0.382647 0.068394
8 0.730812 0.602073 0.411568 0.091192
9 0.265851 0.425907 0.371524 0.082902
9 0.271413 0.237306 0.387097 0.087047
9 0.672970 0.760622 0.284761 0.078756
9 0.739711 0.423834 0.418242 0.082902
9 0.743604 0.237306 0.426029 0.087047