0 0.321667 0.271645 0.481111 0.116883
1 0.156667 0.354978 0.251111 0.060606
1 0.163333 0.462121 0.251111 0.067100
1 0.190556 0.907468 0.278889 0.076840
1 0.194444 0.779762 0.253333 0.066017
1 0.337778 0.673160 0.533333 0.080087
1 0.470556 0.373918 0.216667 0.081169
1 0.476667 0.475649 0.237778 0.072511
1 0.533889 0.786797 0.232222 0.060606
1 0.552222 0.901515 0.251111 0.071429
1 0.838333 0.793831 0.234444 0.074675
1 0.853889 0.906926 0.245556 0.058442
2 0.478333 0.074675 0.856667 0.132035
4 0.497222 0.185065 0.892222 0.067100
4 0.515000 0.594697 0.967778 0.074675