2 0.557222 0.073868 0.881111 0.090548
4 0.265556 0.405083 0.213333 0.084194
4 0.301667 0.305004 0.261111 0.071485
4 0.310556 0.227562 0.254444 0.075457
4 0.317222 0.528197 0.487778 0.084194
4 0.347222 0.154488 0.452222 0.081811
4 0.401667 0.679508 0.421111 0.069102
4 0.430556 0.818110 0.470000 0.079428
4 0.445556 0.962272 0.502222 0.064337
7 0.252778 0.908261 0.330000 0.064337
7 0.284444 0.760127 0.386667 0.065131
7 0.302778 0.602859 0.358889 0.066720
9 0.557222 0.411835 0.212222 0.069102
9 0.582778 0.318507 0.281111 0.068308
9 0.590556 0.234710 0.272222 0.088165