0 0.676875 0.844605 0.116250 0.165862
0 0.832187 0.813205 0.149375 0.151369
1 0.338438 0.657810 0.168125 0.120773
1 0.340625 0.491143 0.147500 0.112721
1 0.511563 0.491143 0.159375 0.128824
1 0.522813 0.648953 0.169375 0.132045
1 0.702187 0.462963 0.176875 0.140097
1 0.710313 0.629630 0.175625 0.135266
1 0.900937 0.457327 0.160625 0.135266
1 0.902500 0.611111 0.166250 0.143317
4 0.066250 0.152174 0.101250 0.143317
4 0.104688 0.348631 0.189375 0.143317
4 0.106563 0.541868 0.195625 0.172303
7 0.376563 0.304348 0.213125 0.106280
7 0.546250 0.289050 0.087500 0.149758
7 0.665937 0.289855 0.115625 0.128824
7 0.797500 0.260870 0.110000 0.128824
9 0.276875 0.149758 0.273750 0.138486