0 0.725000 0.933889 0.250000 0.116667
2 0.433750 0.198333 0.249167 0.058889
2 0.516250 0.093889 0.657500 0.110000
3 0.238333 0.230556 0.126667 0.165556
3 0.325000 0.510556 0.290000 0.092222
3 0.739167 0.218889 0.155000 0.068889
4 0.253750 0.770000 0.137500 0.066667
4 0.263333 0.608333 0.151667 0.083333
4 0.303750 0.406667 0.247500 0.077778
4 0.363333 0.246667 0.111667 0.057778
4 0.568333 0.517778 0.111667 0.077778
4 0.749583 0.266667 0.179167 0.053333
9 0.370000 0.903889 0.371667 0.190000
9 0.378333 0.693333 0.391667 0.093333