0 0.435000 0.945833 0.438889 0.106667
2 0.393333 0.495000 0.584444 0.076667
4 0.312778 0.815833 0.058889 0.045000
4 0.316111 0.586667 0.390000 0.061667
4 0.357222 0.734583 0.478889 0.054167
4 0.385556 0.495833 0.526667 0.068333
4 0.534444 0.131250 0.857778 0.080833
4 0.802222 0.732083 0.140000 0.032500
7 0.293333 0.306250 0.326667 0.085833
7 0.347222 0.213750 0.414444 0.074167
7 0.371111 0.392500 0.475556 0.068333
8 0.200556 0.815417 0.170000 0.059167
8 0.428889 0.816250 0.146667 0.079167
9 0.484444 0.652083 0.708889 0.059167
9 0.817222 0.814167 0.172222 0.081667