2 0.162917 0.211667 0.124167 0.081111
2 0.244583 0.533333 0.284167 0.066667
2 0.536667 0.101111 0.905000 0.113333
2 0.905833 0.535556 0.090000 0.062222
4 0.183333 0.632222 0.140000 0.073333
4 0.216250 0.389444 0.245833 0.070000
4 0.220833 0.303333 0.246667 0.066667
4 0.413750 0.866667 0.165833 0.093333
4 0.421250 0.766667 0.162500 0.095556
4 0.636250 0.386111 0.125833 0.072222
4 0.645833 0.300556 0.130000 0.072222
4 0.705833 0.776667 0.188333 0.113333
4 0.708333 0.854444 0.213333 0.055556
4 0.776667 0.642222 0.350000 0.062222
4 0.887500 0.294444 0.125000 0.100000
4 0.888750 0.394444 0.149167 0.077778
4 0.891667 0.835556 0.093333 0.073333
4 0.895417 0.757222 0.102500 0.074444
7 0.192083 0.861667 0.152500 0.067778
7 0.215417 0.770000 0.194167 0.084444