0 0.265417 0.948889 0.437500 0.091111
0 0.533750 0.454444 0.039167 0.066667
0 0.544583 0.251667 0.049167 0.067778
0 0.642917 0.457778 0.057500 0.091111
0 0.646250 0.258333 0.045833 0.078889
0 0.705417 0.952778 0.415833 0.092222
2 0.487917 0.050000 0.852500 0.100000
3 0.147917 0.251667 0.094167 0.134444
3 0.151250 0.443889 0.094167 0.141111
4 0.136667 0.131667 0.113333 0.076667
4 0.139583 0.835556 0.100833 0.048889
4 0.158333 0.604444 0.156667 0.080000
4 0.177083 0.715000 0.190833 0.074444
4 0.282083 0.273333 0.159167 0.062222
4 0.318750 0.217778 0.232500 0.060000
4 0.320833 0.395000 0.218333 0.061111
4 0.584583 0.604444 0.124167 0.071111
4 0.588333 0.454444 0.030000 0.066667
4 0.593750 0.728889 0.112500 0.064444
4 0.595833 0.157222 0.075000 0.065556
4 0.598750 0.242222 0.032500 0.062222
4 0.829167 0.833889 0.136667 0.085556
4 0.835000 0.717778 0.138333 0.086667
4 0.842083 0.167778 0.089167 0.055556
4 0.843333 0.601667 0.160000 0.076667
4 0.844167 0.443333 0.126667 0.084444
4 0.858750 0.262778 0.132500 0.076667
5 0.345833 0.722778 0.070000 0.074444