0 0.276250 0.949444 0.434167 0.098889
0 0.535000 0.455556 0.061667 0.064444
0 0.548333 0.254444 0.051667 0.064444
0 0.642083 0.459444 0.049167 0.065556
0 0.646667 0.252222 0.061667 0.073333
0 0.706667 0.947778 0.415000 0.102222
3 0.148333 0.244444 0.098333 0.140000
3 0.155000 0.445000 0.081667 0.125556
4 0.140000 0.127778 0.106667 0.064444
4 0.151667 0.838333 0.106667 0.074444
4 0.162500 0.600000 0.158333 0.073333
4 0.177083 0.715556 0.187500 0.068889
4 0.281667 0.466667 0.145000 0.055556
4 0.286667 0.274444 0.158333 0.051111
4 0.315000 0.399444 0.218333 0.058889
4 0.319167 0.221667 0.235000 0.058889
4 0.500000 0.045000 0.828333 0.087778
4 0.583750 0.461667 0.035833 0.067778
4 0.593333 0.148333 0.070000 0.067778
4 0.595000 0.732222 0.113333 0.080000
4 0.597500 0.243889 0.031667 0.067778
4 0.836250 0.724444 0.132500 0.084444
4 0.843333 0.834444 0.153333 0.082222
4 0.844167 0.161667 0.106667 0.061111
4 0.847500 0.601111 0.151667 0.068889
4 0.848750 0.440000 0.132500 0.073333
4 0.853750 0.262778 0.127500 0.083333
5 0.345417 0.727778 0.070833 0.068889