0 0.800417 0.932778 0.285833 0.123333
1 0.430833 0.847778 0.755000 0.124444
2 0.245000 0.077222 0.410000 0.150000
4 0.095000 0.207778 0.106667 0.066667
4 0.100833 0.408333 0.121667 0.083333
4 0.130417 0.611111 0.199167 0.062222
4 0.553750 0.412778 0.177500 0.070000
4 0.584583 0.208889 0.222500 0.066667
4 0.642917 0.605000 0.345833 0.076667
9 0.237917 0.306667 0.400833 0.097778
9 0.240417 0.509444 0.400833 0.090000
9 0.251250 0.715556 0.402500 0.102222
9 0.702500 0.284444 0.480000 0.124444
9 0.705417 0.501111 0.470833 0.100000
9 0.712500 0.696111 0.478333 0.114444