0 0.273333 0.942222 0.445000 0.113333
0 0.535833 0.452222 0.050000 0.073333
0 0.547500 0.246667 0.041667 0.071111
0 0.643333 0.456111 0.053333 0.074444
0 0.649167 0.254444 0.048333 0.066667
0 0.700417 0.950556 0.415833 0.096667
2 0.464583 0.042222 0.755833 0.084444
3 0.147500 0.249444 0.106667 0.141111
3 0.148333 0.440556 0.098333 0.134444
4 0.138333 0.127778 0.106667 0.073333
4 0.143333 0.838333 0.100000 0.074444
4 0.162083 0.595556 0.154167 0.062222
4 0.172500 0.715000 0.193333 0.076667
4 0.317917 0.397778 0.239167 0.068889
4 0.327083 0.221111 0.242500 0.053333
4 0.585833 0.607222 0.120000 0.058889
4 0.589583 0.727222 0.139167 0.070000
4 0.591250 0.459444 0.032500 0.074444
4 0.600833 0.247222 0.028333 0.056667
4 0.601250 0.148333 0.070833 0.078889
4 0.830417 0.723333 0.139167 0.080000
4 0.836667 0.832778 0.133333 0.085556
4 0.838333 0.170556 0.105000 0.070000
4 0.847500 0.611667 0.150000 0.067778
4 0.848750 0.448889 0.137500 0.093333
4 0.862083 0.263889 0.122500 0.074444
5 0.340833 0.726667 0.073333 0.062222