0 0.803750 0.938333 0.287500 0.118889
1 0.430417 0.845000 0.752500 0.127778
2 0.240833 0.071111 0.398333 0.142222
4 0.092083 0.202222 0.117500 0.080000
4 0.107917 0.403333 0.132500 0.077778
4 0.126667 0.617222 0.168333 0.070000
4 0.558750 0.412222 0.162500 0.068889
4 0.579583 0.202222 0.237500 0.093333
4 0.646667 0.609444 0.315000 0.083333
9 0.236250 0.303889 0.405833 0.110000
9 0.237917 0.500000 0.400833 0.106667
9 0.246250 0.704444 0.402500 0.088889
9 0.704583 0.502778 0.464167 0.103333
9 0.707917 0.296667 0.482500 0.142222
9 0.717500 0.701667 0.461667 0.123333