2 0.531111 0.090548 0.886667 0.077840
4 0.255556 0.411438 0.251111 0.061954
4 0.272222 0.314138 0.302222 0.056394
4 0.282222 0.228753 0.264444 0.060365
4 0.301667 0.538920 0.434444 0.099285
4 0.319444 0.168785 0.438889 0.075457
4 0.415556 0.683082 0.415556 0.077840
4 0.445556 0.827641 0.484444 0.084194
4 0.473889 0.965449 0.498889 0.067514
7 0.263889 0.912232 0.330000 0.057983
7 0.300000 0.757347 0.395556 0.062748
7 0.301111 0.613979 0.377778 0.071485
9 0.550556 0.399126 0.221111 0.080222
9 0.574444 0.311358 0.282222 0.071485
9 0.577222 0.238284 0.252222 0.061954