0 0.435000 0.945417 0.418889 0.105833
2 0.377222 0.496667 0.585556 0.100000
4 0.315000 0.585000 0.407778 0.061667
4 0.320556 0.822083 0.043333 0.047500
4 0.355556 0.737083 0.455556 0.074167
4 0.391667 0.500833 0.558889 0.083333
4 0.525000 0.135417 0.852222 0.084167
4 0.793889 0.737917 0.136667 0.032500
7 0.294444 0.296250 0.315556 0.084167
7 0.341111 0.225417 0.422222 0.069167
7 0.363889 0.385000 0.461111 0.065000
8 0.207778 0.817083 0.173333 0.070833
8 0.417778 0.814583 0.153333 0.062500
9 0.486667 0.647917 0.802222 0.074167
9 0.820556 0.810417 0.170000 0.074167