2 0.366250 0.076111 0.172500 0.074444
2 0.373750 0.740556 0.189167 0.078889
2 0.498333 0.402222 0.186667 0.082222
3 0.175417 0.826111 0.177500 0.287778
3 0.189583 0.147222 0.177500 0.294444
3 0.715417 0.542778 0.189167 0.310000
4 0.365833 0.797778 0.173333 0.077778
4 0.367917 0.068333 0.164167 0.078889
4 0.371667 0.136667 0.166667 0.068889
4 0.373750 0.735556 0.189167 0.082222
4 0.500417 0.403333 0.190833 0.068889
4 0.515417 0.480556 0.154167 0.058889
6 0.431250 0.892222 0.310833 0.131111
6 0.432500 0.556667 0.336667 0.122222
6 0.559583 0.245000 0.537500 0.150000