0 0.300000 0.930000 0.411667 0.106667
0 0.734583 0.932222 0.405833 0.100000
2 0.516667 0.067222 0.876667 0.127778
4 0.140833 0.742222 0.086667 0.055556
4 0.163750 0.577222 0.117500 0.058889
4 0.164583 0.376111 0.120833 0.052222
4 0.205833 0.187222 0.220000 0.078889
4 0.557500 0.571667 0.078333 0.050000
4 0.575000 0.390000 0.126667 0.051111
4 0.585000 0.741111 0.133333 0.040000
4 0.611667 0.201111 0.186667 0.051111
8 0.285833 0.641111 0.371667 0.077778
8 0.297500 0.806111 0.368333 0.076667
8 0.728750 0.633889 0.440833 0.076667
9 0.280833 0.455556 0.351667 0.086667
9 0.282083 0.272222 0.379167 0.086667
9 0.614167 0.808333 0.210000 0.087778
9 0.736250 0.464444 0.459167 0.088889
9 0.741250 0.275556 0.452500 0.080000