2 0.253375 0.054444 0.402340 0.091111
3 0.106211 0.848889 0.199820 0.271111
3 0.107561 0.548889 0.189919 0.251111
3 0.111161 0.291667 0.189919 0.216667
4 0.302430 0.776111 0.162016 0.074444
4 0.303780 0.230000 0.153915 0.064444
4 0.303780 0.488333 0.153915 0.070000
4 0.337984 0.340000 0.229523 0.151111
4 0.340234 0.606667 0.237624 0.160000
5 0.554005 0.878333 0.152115 0.116667
5 0.561206 0.588889 0.159316 0.104444
5 0.567507 0.337222 0.159316 0.116667
5 0.706121 0.877222 0.099910 0.092222
5 0.718272 0.590556 0.127813 0.096667
5 0.720972 0.332778 0.109811 0.103333
5 0.852385 0.873889 0.169217 0.103333
5 0.861386 0.583889 0.147615 0.103333
5 0.872637 0.332778 0.157516 0.098889
6 0.338884 0.890556 0.234923 0.143333