0 0.139583 0.810000 0.164167 0.111111
0 0.356250 0.810000 0.175833 0.104444
1 0.292917 0.697222 0.519167 0.094444
2 0.144583 0.060556 0.237500 0.087778
4 0.077083 0.515556 0.092500 0.071111
4 0.080833 0.388889 0.095000 0.071111
4 0.092083 0.274444 0.102500 0.084444
4 0.096250 0.163333 0.102500 0.071111
5 0.465417 0.695556 0.144167 0.064444
7 0.192917 0.592778 0.129167 0.074444
7 0.211667 0.512222 0.161667 0.064444
9 0.240833 0.391111 0.210000 0.071111
9 0.243750 0.165000 0.185833 0.067778
9 0.243750 0.274444 0.175833 0.084444