2 0.256667 0.546667 0.281667 0.071111
2 0.318333 0.239444 0.443333 0.056667
2 0.515833 0.105556 0.871667 0.095556
2 0.905417 0.520556 0.094167 0.061111
4 0.187500 0.664444 0.140000 0.048889
4 0.221667 0.394444 0.245000 0.062222
4 0.227917 0.320556 0.259167 0.056667
4 0.419583 0.765556 0.150833 0.075556
4 0.423750 0.866667 0.147500 0.073333
4 0.640000 0.382222 0.126667 0.068889
4 0.647917 0.297222 0.122500 0.058889
4 0.724583 0.851111 0.215833 0.064444
4 0.726250 0.758889 0.172500 0.080000
4 0.781250 0.641111 0.354167 0.084444
4 0.877500 0.372778 0.160000 0.074444
4 0.881250 0.288889 0.132500 0.062222
4 0.905833 0.827778 0.073333 0.066667
4 0.916250 0.733333 0.097500 0.066667
7 0.192500 0.878333 0.156667 0.065556
7 0.217083 0.777778 0.205833 0.057778