0 0.309167 0.937778 0.418333 0.122222
0 0.739583 0.921111 0.409167 0.111111
2 0.522083 0.061667 0.915833 0.123333
4 0.148750 0.749444 0.079167 0.056667
4 0.166250 0.386667 0.122500 0.057778
4 0.169167 0.574444 0.120000 0.075556
4 0.208333 0.195556 0.218333 0.057778
4 0.560833 0.563889 0.085000 0.065556
4 0.572500 0.377222 0.145000 0.078889
4 0.589167 0.739444 0.140000 0.061111
4 0.610833 0.195000 0.200000 0.074444
8 0.287083 0.645556 0.364167 0.091111
8 0.294583 0.812778 0.367500 0.087778
8 0.732500 0.632778 0.450000 0.078889
9 0.284583 0.272222 0.367500 0.080000
9 0.285833 0.460556 0.356667 0.094444
9 0.615833 0.801111 0.228333 0.075556
9 0.737500 0.455000 0.456667 0.083333
9 0.745000 0.275000 0.463333 0.087778