0 0.275417 0.941667 0.424167 0.105556
0 0.527917 0.448333 0.060833 0.098889
0 0.541250 0.249444 0.047500 0.094444
0 0.640000 0.451667 0.055000 0.090000
0 0.646250 0.253889 0.062500 0.083333
0 0.709583 0.947222 0.407500 0.101111
2 0.493333 0.045000 0.825000 0.083333
3 0.145000 0.253889 0.098333 0.138889
3 0.155833 0.442222 0.090000 0.155556
4 0.129583 0.140556 0.109167 0.081111
4 0.152083 0.841667 0.124167 0.056667
4 0.163333 0.611667 0.155000 0.087778
4 0.184583 0.727778 0.199167 0.068889
4 0.278750 0.466111 0.142500 0.070000
4 0.284583 0.288333 0.154167 0.072222
4 0.318750 0.397222 0.230833 0.056667
4 0.320417 0.228333 0.232500 0.056667
4 0.582083 0.610556 0.149167 0.083333
4 0.582500 0.443889 0.040000 0.083333
4 0.592500 0.233889 0.030000 0.072222
4 0.593333 0.148333 0.080000 0.083333
4 0.595000 0.730000 0.123333 0.068889
4 0.829583 0.152778 0.095833 0.074444
4 0.834583 0.713889 0.122500 0.070000
4 0.842500 0.593889 0.170000 0.072222
4 0.845833 0.432222 0.128333 0.111111
4 0.852500 0.249444 0.128333 0.101111
5 0.345000 0.735556 0.066667 0.060000