0 0.760407 0.948333 0.275671 0.101111
2 0.203515 0.061111 0.349676 0.115556
3 0.117484 0.264444 0.168363 0.177778
3 0.217391 0.560000 0.408881 0.135556
3 0.765495 0.233889 0.306198 0.096667
4 0.097132 0.825000 0.175763 0.056667
4 0.133210 0.679444 0.236818 0.074444
4 0.164662 0.431667 0.290472 0.094444
4 0.298797 0.301111 0.175763 0.084444
4 0.367253 0.213889 0.308973 0.076667
4 0.546716 0.568889 0.190564 0.104444
4 0.761332 0.326111 0.207216 0.074444
9 0.213228 0.927778 0.396855 0.137778
9 0.216466 0.764444 0.390379 0.082222