0 0.735833 0.925000 0.240000 0.118889
2 0.418750 0.202222 0.242500 0.044444
2 0.523333 0.086667 0.700000 0.106667
3 0.233333 0.241111 0.116667 0.166667
3 0.323750 0.501111 0.287500 0.080000
3 0.730000 0.198333 0.168333 0.072222
4 0.248750 0.780000 0.117500 0.077778
4 0.265417 0.613889 0.175833 0.072222
4 0.306250 0.416111 0.242500 0.085556
4 0.348750 0.255556 0.102500 0.048889
4 0.563750 0.505000 0.125833 0.116667
4 0.743750 0.258889 0.160833 0.066667
9 0.380000 0.696667 0.378333 0.077778
9 0.382500 0.907778 0.390000 0.175556