2 0.145556 0.047204 0.213333 0.088909
2 0.211111 0.171861 0.344444 0.090742
3 0.136111 0.540330 0.130000 0.162236
3 0.138889 0.867553 0.122222 0.162236
3 0.599444 0.868011 0.105556 0.159487
3 0.614444 0.535747 0.122222 0.164070
3 0.810000 0.180110 0.351111 0.297892
4 0.125000 0.416590 0.132222 0.052246
4 0.129444 0.738313 0.156667 0.054079
4 0.317778 0.811641 0.208889 0.055912
4 0.322778 0.483960 0.223333 0.064161
4 0.619444 0.416590 0.152222 0.052246
4 0.777778 0.811641 0.235556 0.055912
4 0.796111 0.480752 0.203333 0.066911
6 0.304444 0.893676 0.186667 0.097159
6 0.321111 0.269936 0.504444 0.131072
6 0.326667 0.567828 0.231111 0.107241
6 0.775556 0.891842 0.231111 0.102658
6 0.797222 0.563703 0.245556 0.098992