0 0.845438 0.892778 0.232950 0.123333
1 0.339238 0.812222 0.657219 0.104444
2 0.193534 0.061667 0.332152 0.121111
4 0.076174 0.388889 0.108060 0.068889
4 0.085917 0.180000 0.111603 0.062222
4 0.104960 0.582222 0.178034 0.082222
4 0.607174 0.386667 0.158547 0.088889
4 0.621346 0.180556 0.193977 0.070000
4 0.672276 0.602778 0.301151 0.092222
9 0.234721 0.683889 0.457042 0.098889
9 0.235607 0.271667 0.434012 0.103333
9 0.240921 0.482778 0.449956 0.092222
9 0.737378 0.670556 0.447298 0.121111
9 0.741364 0.490556 0.449956 0.094444
9 0.742250 0.276111 0.448184 0.103333