0 0.311667 0.938889 0.405000 0.095556
0 0.736250 0.931111 0.409167 0.100000
2 0.521250 0.071111 0.889167 0.131111
4 0.143750 0.745556 0.052500 0.055556
4 0.157083 0.379444 0.125833 0.056667
4 0.159167 0.575556 0.126667 0.062222
4 0.201667 0.187222 0.208333 0.065556
4 0.546667 0.565556 0.096667 0.057778
4 0.573333 0.382778 0.133333 0.047778
4 0.580417 0.738889 0.147500 0.055556
4 0.609583 0.198889 0.189167 0.077778
8 0.292917 0.803333 0.364167 0.071111
8 0.293333 0.637222 0.365000 0.076667
8 0.728750 0.628889 0.442500 0.068889
9 0.282500 0.458333 0.365000 0.094444
9 0.282917 0.272778 0.369167 0.092222
9 0.622083 0.802222 0.220833 0.071111
9 0.736250 0.465000 0.457500 0.085556
9 0.737917 0.274444 0.459167 0.086667