2 0.230401 0.448889 0.425958 0.113333
2 0.239111 0.092778 0.392857 0.116667
3 0.823171 0.171111 0.236934 0.275556
4 0.636760 0.876111 0.252613 0.125556
4 0.640679 0.736111 0.260453 0.121111
4 0.658537 0.600000 0.231707 0.135556
5 0.820557 0.336111 0.212544 0.054444
5 0.888066 0.862222 0.187282 0.128889
5 0.902875 0.601667 0.192509 0.123333
5 0.902875 0.730000 0.189024 0.113333
6 0.360192 0.247778 0.666376 0.153333
7 0.150697 0.608333 0.254355 0.145556
7 0.155052 0.871667 0.275261 0.141111
7 0.156359 0.733333 0.265679 0.111111