0 0.744583 0.920556 0.254167 0.127778
2 0.415833 0.208333 0.250000 0.045556
2 0.526667 0.106667 0.711667 0.102222
3 0.227917 0.262222 0.120833 0.148889
3 0.325833 0.517778 0.280000 0.066667
3 0.715833 0.191111 0.178333 0.046667
4 0.258333 0.792222 0.130000 0.080000
4 0.272917 0.629444 0.164167 0.083333
4 0.300000 0.427778 0.248333 0.068889
4 0.355833 0.263889 0.120000 0.043333
4 0.572500 0.511111 0.130000 0.066667
4 0.740833 0.250000 0.173333 0.042222
9 0.381667 0.703889 0.395000 0.085556
9 0.388750 0.908333 0.399167 0.181111