0 0.441667 0.950833 0.381111 0.096667
2 0.382778 0.492083 0.556667 0.070833
4 0.321667 0.584167 0.376667 0.065000
4 0.326667 0.819583 0.046667 0.052500
4 0.350000 0.735417 0.475556 0.069167
4 0.382778 0.495417 0.523333 0.062500
4 0.557222 0.142917 0.883333 0.095833
4 0.794444 0.732083 0.133333 0.032500
7 0.291111 0.295000 0.326667 0.078333
7 0.333333 0.215417 0.442222 0.059167
7 0.365000 0.380833 0.485556 0.088333
8 0.200000 0.814167 0.168889 0.061667
8 0.432222 0.815000 0.168889 0.066667
9 0.476667 0.655417 0.717778 0.070833
9 0.824444 0.812500 0.164444 0.083333