2 0.159583 0.211111 0.122500 0.066667
2 0.248750 0.535556 0.284167 0.062222
2 0.540000 0.090000 0.896667 0.080000
2 0.909167 0.534444 0.090000 0.066667
4 0.184167 0.640000 0.140000 0.088889
4 0.225833 0.379444 0.271667 0.056667
4 0.234167 0.305556 0.266667 0.068889
4 0.410000 0.865000 0.158333 0.103333
4 0.416667 0.764444 0.145000 0.102222
4 0.639167 0.392222 0.128333 0.060000
4 0.648333 0.292222 0.121667 0.077778
4 0.707917 0.770000 0.205833 0.113333
4 0.715417 0.839444 0.202500 0.070000
4 0.770417 0.631111 0.380833 0.093333
4 0.882500 0.395000 0.151667 0.101111
4 0.882917 0.291111 0.139167 0.080000
4 0.898750 0.841111 0.077500 0.091111
4 0.908333 0.743333 0.106667 0.068889
7 0.190000 0.864444 0.156667 0.084444
7 0.213333 0.760556 0.188333 0.092222