9 0.214844 0.585938 0.373437 0.046875
9 0.221875 0.342187 0.362500 0.056250
9 0.225781 0.477344 0.395313 0.045312
9 0.226562 0.405469 0.343750 0.032813
9 0.239063 0.078906 0.318750 0.045312
9 0.239063 0.669531 0.309375 0.045312
9 0.239844 0.199219 0.354687 0.045312
9 0.250781 0.135937 0.285938 0.043750
9 0.250781 0.906250 0.304688 0.037500
9 0.254688 0.260156 0.321875 0.039062
9 0.262500 0.853906 0.334375 0.035937
9 0.263281 0.797656 0.379688 0.042188
9 0.265625 0.733594 0.328125 0.039062
9 0.669531 0.892188 0.307812 0.028125
9 0.677344 0.068750 0.285938 0.046875
9 0.678906 0.185156 0.304688 0.048438
9 0.681250 0.323437 0.306250 0.059375
9 0.682813 0.476562 0.296875 0.040625
9 0.684375 0.244531 0.293750 0.032813
9 0.685156 0.840625 0.335938 0.034375
9 0.693750 0.573438 0.318750 0.046875
9 0.697656 0.780469 0.342187 0.035937
9 0.701562 0.722656 0.331250 0.045312
9 0.703125 0.128125 0.315625 0.037500
9 0.704688 0.397656 0.309375 0.039062
9 0.707031 0.655469 0.320312 0.045312