0 0.101562 0.272656 0.121875 0.035937
0 0.108594 0.326562 0.132812 0.034375
0 0.116406 0.050000 0.135937 0.043750
0 0.234375 0.267969 0.115625 0.029687
0 0.278906 0.323437 0.129688 0.034375
0 0.300000 0.757031 0.131250 0.029687
0 0.371094 0.267188 0.114062 0.034375
0 0.432031 0.325781 0.123438 0.032813
0 0.486719 0.053125 0.148438 0.040625
0 0.503906 0.267969 0.098437 0.035937
0 0.542188 0.379688 0.134375 0.037500
0 0.595313 0.221094 0.100000 0.026562
0 0.642188 0.269531 0.112500 0.029687
0 0.728906 0.223438 0.095312 0.034375
0 0.741406 0.436719 0.110937 0.035937
0 0.792969 0.276562 0.101562 0.034375
0 0.829688 0.656250 0.143750 0.050000
0 0.851562 0.228906 0.115625 0.035937
0 0.875000 0.440625 0.106250 0.025000
0 0.901563 0.282813 0.109375 0.040625