1 0.211719 0.289062 0.204687 0.031250
1 0.231250 0.339062 0.240625 0.028125
1 0.233594 0.389062 0.260937 0.046875
1 0.242969 0.247656 0.254688 0.035937
1 0.247656 0.582031 0.220312 0.035937
1 0.248438 0.455469 0.268750 0.042188
1 0.250781 0.193750 0.264062 0.034375
1 0.251563 0.516406 0.240625 0.039062
1 0.253125 0.132812 0.259375 0.034375
1 0.258594 0.633594 0.254688 0.039062
1 0.262500 0.705469 0.268750 0.048438
1 0.271875 0.771875 0.265625 0.046875
1 0.279687 0.834375 0.262500 0.050000
1 0.296875 0.902344 0.275000 0.042188
1 0.592187 0.232813 0.259375 0.040625
1 0.595313 0.282031 0.271875 0.039062
1 0.600781 0.178906 0.257812 0.039062
1 0.620313 0.333594 0.296875 0.029687
1 0.623437 0.386719 0.284375 0.032813
1 0.625781 0.125000 0.292187 0.028125
1 0.630469 0.451562 0.279687 0.034375
1 0.632031 0.515625 0.270313 0.034375
1 0.632031 0.701562 0.245312 0.028125
1 0.635938 0.587500 0.281250 0.034375
1 0.644531 0.642969 0.276562 0.035937
1 0.648438 0.747656 0.259375 0.035937
1 0.649219 0.900000 0.239063 0.031250
1 0.653906 0.798438 0.251563 0.031250
1 0.653906 0.846094 0.245312 0.029687