3 0.148438 0.499219 0.231250 0.132812
3 0.148438 0.653906 0.231250 0.110937
3 0.149219 0.310937 0.251563 0.125000
3 0.164062 0.099219 0.268750 0.129688
3 0.289844 0.810937 0.460938 0.165625
3 0.530469 0.650000 0.248438 0.109375
3 0.552344 0.501563 0.273438 0.118750
3 0.553125 0.314844 0.250000 0.126562
3 0.634375 0.822656 0.203125 0.198437
3 0.726562 0.100000 0.334375 0.121875
3 0.825000 0.813281 0.200000 0.157812
3 0.855469 0.320312 0.229687 0.128125
3 0.860156 0.656250 0.235937 0.109375
3 0.867188 0.507031 0.237500 0.123438