4 0.202344 0.660937 0.126562 0.043750
4 0.235937 0.267188 0.065625 0.021875
4 0.242969 0.033594 0.079687 0.026562
4 0.253125 0.197656 0.081250 0.026562
4 0.265625 0.119531 0.128125 0.035937
4 0.276562 0.546094 0.150000 0.048438
4 0.278125 0.389062 0.184375 0.046875
4 0.322656 0.760938 0.107813 0.037500
4 0.632031 0.036719 0.110937 0.035937
4 0.632031 0.653906 0.110937 0.035937
4 0.642969 0.178906 0.135937 0.039062
4 0.645312 0.113281 0.146875 0.042188
4 0.650781 0.257031 0.135937 0.039062
4 0.678125 0.371094 0.171875 0.045312
4 0.724219 0.518750 0.220312 0.068750