5 0.055469 0.360938 0.095312 0.031250
5 0.058594 0.245312 0.085938 0.031250
5 0.058594 0.304688 0.098437 0.031250
5 0.060937 0.413281 0.103125 0.035937
5 0.064062 0.189844 0.090625 0.026562
5 0.064062 0.470313 0.100000 0.028125
5 0.064844 0.510938 0.092188 0.031250
5 0.065625 0.095312 0.078125 0.028125
5 0.067187 0.138281 0.090625 0.032813
5 0.070312 0.573438 0.103125 0.028125
5 0.071094 0.669531 0.110937 0.039062
5 0.072656 0.618750 0.104688 0.031250
5 0.075781 0.766406 0.104688 0.035937
5 0.076563 0.032031 0.075000 0.026562
5 0.076563 0.060937 0.075000 0.025000
5 0.076563 0.718750 0.103125 0.031250
5 0.087500 0.822656 0.093750 0.042188
5 0.110937 0.887500 0.109375 0.043750
5 0.123438 0.938281 0.109375 0.029687
5 0.300781 0.096094 0.085938 0.032813
5 0.303125 0.045312 0.118750 0.034375
5 0.307812 0.147656 0.093750 0.032813
5 0.315625 0.187500 0.090625 0.034375
5 0.317188 0.234375 0.100000 0.034375
5 0.317188 0.292187 0.093750 0.040625
5 0.319531 0.339844 0.085938 0.032813
5 0.325781 0.389062 0.095312 0.034375
5 0.327344 0.917969 0.104688 0.032813
5 0.338281 0.496875 0.098437 0.034375
5 0.344531 0.442969 0.104688 0.035937
5 0.345313 0.863281 0.090625 0.029687
5 0.354687 0.805469 0.096875 0.039062
5 0.362500 0.537500 0.103125 0.037500
5 0.369531 0.640625 0.110937 0.037500
5 0.372656 0.592969 0.101562 0.029687
5 0.377344 0.695312 0.098437 0.031250
5 0.385937 0.751563 0.100000 0.037500
5 0.528125 0.918750 0.096875 0.031250
5 0.539062 0.866406 0.096875 0.032813
5 0.561719 0.156250 0.104688 0.040625
5 0.563281 0.104688 0.107813 0.037500
5 0.564063 0.356250 0.100000 0.034375
5 0.566406 0.207813 0.104688 0.037500
5 0.567969 0.252344 0.117188 0.035937
5 0.567969 0.310156 0.092188 0.035937
5 0.568750 0.042969 0.112500 0.035937
5 0.568750 0.458594 0.115625 0.039062
5 0.568750 0.806250 0.121875 0.037500
5 0.575781 0.508594 0.114062 0.035937
5 0.575781 0.553906 0.107813 0.032813
5 0.578125 0.400781 0.118750 0.032813
5 0.583594 0.600781 0.098437 0.029687
5 0.586719 0.640625 0.107813 0.031250
5 0.588281 0.692969 0.117188 0.035937
5 0.597656 0.745313 0.098437 0.031250
5 0.778125 0.914062 0.096875 0.034375
5 0.792188 0.870313 0.109375 0.025000
5 0.795312 0.819531 0.090625 0.029687
5 0.817187 0.595313 0.106250 0.037500
5 0.821875 0.132812 0.106250 0.028125
5 0.822656 0.090625 0.098437 0.031250
5 0.822656 0.639062 0.114062 0.034375
5 0.824219 0.500781 0.123438 0.032813
5 0.825781 0.543750 0.142187 0.034375
5 0.826562 0.457031 0.109375 0.039062
5 0.828906 0.046094 0.110937 0.032813
5 0.831250 0.300000 0.106250 0.050000
5 0.833594 0.246094 0.110937 0.035937
5 0.835156 0.189062 0.101562 0.040625
5 0.835938 0.408594 0.121875 0.039062
5 0.838281 0.760156 0.117188 0.048438