8 0.155469 0.932031 0.207813 0.045312
8 0.164844 0.420312 0.214062 0.043750
8 0.241406 0.710938 0.389062 0.050000
8 0.250000 0.189062 0.375000 0.059375
8 0.250000 0.278125 0.368750 0.068750
8 0.250781 0.356250 0.385937 0.046875
8 0.250781 0.492188 0.392188 0.043750
8 0.254688 0.058594 0.384375 0.045312
8 0.259375 0.631250 0.437500 0.053125
8 0.261719 0.126562 0.379688 0.043750
8 0.275000 0.882812 0.468750 0.040625
8 0.276562 0.826562 0.459375 0.043750
8 0.277344 0.772656 0.479687 0.039062
8 0.278125 0.559375 0.459375 0.056250
8 0.426563 0.409375 0.237500 0.037500
8 0.447656 0.929688 0.279687 0.037500
8 0.643750 0.480469 0.296875 0.039062
8 0.671094 0.114844 0.401562 0.035937
8 0.672656 0.053125 0.414062 0.040625
8 0.688281 0.404687 0.204687 0.034375
8 0.689844 0.703906 0.364063 0.032813
8 0.692187 0.186719 0.393750 0.067187
8 0.692969 0.342187 0.404687 0.037500
8 0.693750 0.264062 0.396875 0.056250
8 0.700781 0.821875 0.329688 0.034375
8 0.709375 0.771094 0.328125 0.032813
8 0.714063 0.875000 0.321875 0.037500
8 0.736719 0.615625 0.401562 0.046875
8 0.743750 0.930469 0.234375 0.035937
8 0.753125 0.542188 0.400000 0.037500