7 0.119531 0.319531 0.145313 0.032813
7 0.128906 0.399219 0.164062 0.042188
7 0.129688 0.235937 0.184375 0.040625
7 0.129688 0.677344 0.146875 0.042188
7 0.131250 0.179688 0.168750 0.037500
7 0.132031 0.470313 0.164062 0.043750
7 0.137500 0.120313 0.171875 0.034375
7 0.140625 0.614844 0.159375 0.042188
7 0.142187 0.741406 0.150000 0.039062
7 0.146875 0.859375 0.146875 0.034375
7 0.149219 0.807813 0.157812 0.037500
7 0.151562 0.053906 0.171875 0.042188
7 0.167969 0.916406 0.192188 0.042188
7 0.175000 0.542188 0.243750 0.053125
7 0.232031 0.956250 0.167187 0.037500
7 0.344531 0.844531 0.189062 0.039062
7 0.353906 0.652344 0.151562 0.039062
7 0.356250 0.722656 0.146875 0.032813
7 0.360156 0.452344 0.167187 0.039062
7 0.361719 0.589063 0.164062 0.043750
7 0.364844 0.375000 0.179688 0.037500
7 0.380469 0.789062 0.167187 0.037500
7 0.382031 0.165625 0.185938 0.040625
7 0.382031 0.299219 0.185938 0.029687
7 0.383594 0.045312 0.185938 0.040625
7 0.384375 0.100781 0.175000 0.039062
7 0.416406 0.214062 0.257812 0.040625
7 0.438281 0.900000 0.201563 0.040625
7 0.450781 0.517188 0.170313 0.040625
7 0.471094 0.949219 0.179688 0.035937
7 0.575000 0.572656 0.131250 0.029687
7 0.590625 0.832031 0.162500 0.032813
7 0.594531 0.359375 0.148438 0.037500
7 0.596094 0.432031 0.164062 0.035937
7 0.596094 0.634375 0.154688 0.040625
7 0.600000 0.691406 0.168750 0.039062
7 0.604688 0.769531 0.146875 0.032813
7 0.614062 0.293750 0.165625 0.034375
7 0.675000 0.885938 0.165625 0.040625
7 0.678125 0.030469 0.143750 0.032813
7 0.681250 0.075781 0.159375 0.032813
7 0.681250 0.944531 0.209375 0.035937
7 0.688281 0.502344 0.182812 0.039062
7 0.696094 0.136719 0.182812 0.035937
7 0.700000 0.200000 0.178125 0.031250
7 0.792969 0.557031 0.164062 0.035937
7 0.796875 0.820312 0.165625 0.034375
7 0.801562 0.607812 0.171875 0.040625
7 0.802344 0.759375 0.157812 0.031250
7 0.807813 0.671094 0.165625 0.032813
7 0.814063 0.418750 0.162500 0.037500
7 0.815625 0.343750 0.156250 0.037500
7 0.848437 0.278906 0.171875 0.035937
7 0.859375 0.876563 0.128125 0.025000
7 0.884375 0.485156 0.143750 0.035937
7 0.888281 0.932813 0.129688 0.031250
7 0.900000 0.024219 0.143750 0.026562