2 0.114062 0.766406 0.125000 0.051562
2 0.119531 0.528906 0.142187 0.035937
2 0.124219 0.835938 0.132812 0.050000
2 0.134375 0.190625 0.162500 0.043750
2 0.138281 0.689844 0.170313 0.051562
2 0.140625 0.601562 0.168750 0.059375
2 0.158594 0.088281 0.198437 0.070312
2 0.163281 0.900000 0.151562 0.034375
2 0.214844 0.948438 0.189062 0.040625
2 0.349219 0.750000 0.107813 0.037500
2 0.362500 0.810937 0.137500 0.037500
2 0.375000 0.889062 0.131250 0.034375
2 0.407813 0.585156 0.196875 0.064062
2 0.411719 0.664844 0.182812 0.054688
2 0.473438 0.938281 0.168750 0.032813
2 0.490625 0.073438 0.209375 0.043750
2 0.550781 0.732031 0.145313 0.039062
2 0.560156 0.879687 0.145313 0.031250
2 0.572656 0.798438 0.164062 0.043750
2 0.710938 0.650781 0.203125 0.060937
2 0.714844 0.570312 0.235937 0.084375
2 0.725000 0.932031 0.190625 0.035937
2 0.726562 0.496094 0.237500 0.048438
2 0.726562 0.715625 0.115625 0.050000
2 0.737500 0.303125 0.228125 0.046875
2 0.770312 0.874219 0.178125 0.029687
2 0.778125 0.787500 0.156250 0.043750
2 0.855469 0.712500 0.123438 0.040625