0 0.101562 0.283594 0.128125 0.035937
0 0.107031 0.339844 0.139063 0.035937
0 0.116406 0.059375 0.142187 0.050000
0 0.182812 0.932813 0.206250 0.053125
0 0.239063 0.284375 0.118750 0.031250
0 0.282813 0.338281 0.131250 0.035937
0 0.291406 0.597656 0.157812 0.048438
0 0.375000 0.282031 0.118750 0.032813
0 0.425781 0.232031 0.123438 0.039062
0 0.430469 0.920312 0.201563 0.059375
0 0.433594 0.338281 0.129688 0.039062
0 0.490625 0.061719 0.153125 0.045312
0 0.507812 0.281250 0.106250 0.034375
0 0.595313 0.229687 0.106250 0.028125
0 0.643750 0.280469 0.118750 0.032813
0 0.728906 0.229687 0.101562 0.034375
0 0.740625 0.444531 0.112500 0.039062
0 0.792969 0.286719 0.098437 0.035937
0 0.821094 0.658594 0.154688 0.051562
0 0.853906 0.235156 0.123438 0.035937
0 0.871875 0.445312 0.109375 0.028125
0 0.900000 0.287500 0.115625 0.050000