6 0.163281 0.329688 0.267188 0.078125
6 0.167969 0.421875 0.279687 0.065625
6 0.172656 0.222656 0.270313 0.076563
6 0.174219 0.726562 0.320312 0.084375
6 0.174219 0.832812 0.310937 0.087500
6 0.178906 0.521875 0.295312 0.084375
6 0.183594 0.922656 0.314063 0.073438
6 0.187500 0.634375 0.315625 0.084375
6 0.220312 0.096094 0.331250 0.120313
6 0.475000 0.417969 0.193750 0.067187
6 0.489063 0.925781 0.250000 0.079687
6 0.510156 0.828906 0.254688 0.076563
6 0.510938 0.723437 0.237500 0.071875
6 0.511719 0.299219 0.270313 0.079687
6 0.525781 0.633594 0.267188 0.082812
6 0.528906 0.165625 0.248438 0.050000
6 0.532813 0.523438 0.284375 0.084375
6 0.538281 0.063281 0.242188 0.070312
6 0.805469 0.928125 0.282813 0.087500
6 0.811719 0.414844 0.260937 0.070312
6 0.818750 0.833594 0.296875 0.076563
6 0.819531 0.736719 0.273438 0.092188
6 0.832812 0.629687 0.287500 0.087500
6 0.839844 0.065625 0.282813 0.075000
6 0.841406 0.519531 0.260937 0.089063
6 0.843750 0.292187 0.287500 0.087500
6 0.846094 0.160938 0.279687 0.053125