3 0.151562 0.300000 0.256250 0.128125
3 0.151562 0.486719 0.240625 0.132812
3 0.151562 0.642188 0.234375 0.112500
3 0.165625 0.090625 0.271875 0.131250
3 0.290625 0.798438 0.465625 0.165625
3 0.532813 0.637500 0.253125 0.109375
3 0.553906 0.306250 0.248438 0.128125
3 0.553906 0.490625 0.273438 0.125000
3 0.633594 0.814063 0.204687 0.196875
3 0.727344 0.088281 0.335938 0.126562
3 0.825781 0.804688 0.195312 0.159375
3 0.854688 0.311719 0.228125 0.129688
3 0.863281 0.645312 0.242188 0.118750
3 0.867188 0.496875 0.240625 0.125000