9 0.153125 0.834375 0.237500 0.037500
9 0.182031 0.898438 0.282813 0.031250
9 0.195312 0.764844 0.346875 0.039062
9 0.217188 0.700781 0.368750 0.045312
9 0.218750 0.624219 0.409375 0.051562
9 0.230469 0.557031 0.304688 0.045312
9 0.267188 0.481250 0.281250 0.031250
9 0.273438 0.438281 0.271875 0.035937
9 0.279687 0.398438 0.268750 0.031250
9 0.285156 0.366406 0.260937 0.029687
9 0.289062 0.317969 0.265625 0.026562
9 0.292187 0.127344 0.287500 0.048438
9 0.292187 0.280469 0.259375 0.029687
9 0.295312 0.212500 0.243750 0.028125
9 0.295312 0.246875 0.253125 0.031250
9 0.301563 0.177344 0.246875 0.023438
9 0.319531 0.072656 0.345313 0.051562
9 0.429688 0.824219 0.228125 0.035937
9 0.487500 0.892969 0.293750 0.032813
9 0.574219 0.676562 0.210938 0.043750
9 0.615625 0.753906 0.356250 0.035937
9 0.639844 0.544531 0.360938 0.032813
9 0.643750 0.110937 0.350000 0.040625
9 0.646875 0.490625 0.259375 0.021875
9 0.653125 0.617188 0.412500 0.037500
9 0.654687 0.457031 0.259375 0.032813
9 0.662500 0.386719 0.243750 0.029687
9 0.662500 0.419531 0.250000 0.026562
9 0.664062 0.343750 0.237500 0.034375
9 0.664844 0.310937 0.226562 0.031250
9 0.665625 0.271094 0.225000 0.023438
9 0.668750 0.166406 0.221875 0.023438
9 0.669531 0.235937 0.232813 0.031250
9 0.670312 0.202344 0.231250 0.023438
9 0.711719 0.819531 0.248438 0.032813
9 0.739062 0.057813 0.303125 0.037500
9 0.771875 0.884375 0.221875 0.028125
9 0.807813 0.668750 0.193750 0.037500