3 0.114844 0.386719 0.198437 0.089063
3 0.128906 0.182812 0.223438 0.075000
3 0.136719 0.282031 0.245312 0.092188
3 0.148438 0.955469 0.200000 0.057813
3 0.155469 0.688281 0.248438 0.079687
3 0.162500 0.781250 0.237500 0.081250
3 0.164062 0.592969 0.228125 0.098437
3 0.168750 0.491406 0.315625 0.098437
3 0.176563 0.879687 0.296875 0.087500
3 0.207031 0.071094 0.323437 0.104688
3 0.345313 0.381250 0.171875 0.084375
3 0.355469 0.277344 0.201563 0.079687
3 0.364063 0.954688 0.187500 0.062500
3 0.385156 0.778125 0.198437 0.075000
3 0.391406 0.189062 0.217188 0.075000
3 0.423438 0.685156 0.250000 0.076563
3 0.453906 0.592969 0.264062 0.082812
3 0.467187 0.867969 0.253125 0.082812
3 0.477344 0.490625 0.298438 0.075000
3 0.524219 0.080469 0.254688 0.114062
3 0.568750 0.378125 0.206250 0.071875
3 0.585938 0.776563 0.218750 0.071875
3 0.592969 0.285938 0.229687 0.068750
3 0.627344 0.190625 0.185938 0.078125
3 0.704688 0.857031 0.225000 0.079687
3 0.715625 0.692969 0.303125 0.076563
3 0.753906 0.946094 0.160938 0.057813
3 0.769531 0.588281 0.232813 0.076563
3 0.803125 0.373437 0.203125 0.068750
3 0.807813 0.486719 0.259375 0.089063
3 0.825000 0.075781 0.228125 0.095312
3 0.828125 0.282813 0.187500 0.062500
3 0.836719 0.189844 0.192188 0.082812
3 0.836719 0.770312 0.217188 0.062500
3 0.878125 0.852344 0.112500 0.073438
3 0.900781 0.939844 0.117188 0.070312