0 0.103906 0.283594 0.129688 0.032813
0 0.109375 0.339844 0.137500 0.035937
0 0.239844 0.282813 0.114062 0.031250
0 0.283594 0.337500 0.126562 0.034375
0 0.373437 0.280469 0.112500 0.039062
0 0.434375 0.337500 0.125000 0.031250
0 0.508594 0.280469 0.098437 0.039062
0 0.597656 0.229687 0.101562 0.025000
0 0.646094 0.279687 0.114062 0.028125
0 0.732031 0.230469 0.101562 0.035937
0 0.739062 0.443750 0.112500 0.034375
0 0.794531 0.283594 0.104688 0.035937
0 0.853906 0.233594 0.120313 0.032813
0 0.872656 0.445312 0.107813 0.028125
0 0.901563 0.285156 0.118750 0.042188