5 0.050000 0.362500 0.096875 0.037500
5 0.057031 0.245312 0.098437 0.031250
5 0.057031 0.303906 0.104688 0.035937
5 0.057031 0.471094 0.114062 0.035937
5 0.057031 0.510938 0.098437 0.043750
5 0.058594 0.190625 0.095312 0.031250
5 0.058594 0.414062 0.110937 0.040625
5 0.063281 0.094531 0.085938 0.032813
5 0.063281 0.137500 0.098437 0.040625
5 0.063281 0.577344 0.110937 0.035937
5 0.064844 0.673438 0.120313 0.043750
5 0.066406 0.625000 0.114062 0.034375
5 0.067969 0.771875 0.114062 0.043750
5 0.068750 0.721875 0.112500 0.040625
5 0.073438 0.029687 0.081250 0.031250
5 0.074219 0.057813 0.079687 0.031250
5 0.086719 0.828125 0.117188 0.046875
5 0.106250 0.891406 0.118750 0.048438
5 0.117188 0.940625 0.121875 0.037500
5 0.302344 0.092969 0.098437 0.039062
5 0.307031 0.042969 0.132812 0.042188
5 0.310937 0.146875 0.106250 0.037500
5 0.314063 0.189062 0.100000 0.037500
5 0.315625 0.341406 0.087500 0.039062
5 0.316406 0.294531 0.095312 0.042188
5 0.317188 0.236719 0.112500 0.039062
5 0.318750 0.924219 0.118750 0.035937
5 0.322656 0.389844 0.101562 0.042188
5 0.335156 0.500000 0.092188 0.046875
5 0.339844 0.446875 0.104688 0.043750
5 0.339844 0.867969 0.104688 0.035937
5 0.346094 0.807813 0.104688 0.043750
5 0.359375 0.539844 0.106250 0.042188
5 0.366406 0.643750 0.120313 0.040625
5 0.370312 0.696094 0.103125 0.039062
5 0.372656 0.593750 0.107813 0.034375
5 0.379688 0.753125 0.100000 0.043750
5 0.524219 0.922656 0.101562 0.035937
5 0.534375 0.869531 0.096875 0.042188
5 0.562500 0.154688 0.106250 0.046875
5 0.564063 0.810156 0.137500 0.042188
5 0.564844 0.360938 0.104688 0.040625
5 0.565625 0.206250 0.106250 0.046875
5 0.566406 0.460938 0.110937 0.050000
5 0.569531 0.102344 0.114062 0.045312
5 0.572656 0.253125 0.129688 0.043750
5 0.572656 0.553906 0.117188 0.039062
5 0.573438 0.311719 0.106250 0.039062
5 0.575000 0.039844 0.125000 0.039062
5 0.575781 0.509375 0.117188 0.046875
5 0.578906 0.404687 0.117188 0.040625
5 0.581250 0.599219 0.096875 0.035937
5 0.582812 0.643750 0.109375 0.034375
5 0.584375 0.696875 0.121875 0.040625
5 0.596875 0.747656 0.106250 0.039062
5 0.774219 0.921094 0.101562 0.035937
5 0.793750 0.873437 0.121875 0.034375
5 0.795312 0.823438 0.103125 0.034375
5 0.817187 0.596094 0.112500 0.045312
5 0.820312 0.642188 0.121875 0.043750
5 0.821094 0.700781 0.107813 0.057813
5 0.821875 0.502344 0.121875 0.042188
5 0.825781 0.458594 0.114062 0.042188
5 0.825781 0.546875 0.135937 0.040625
5 0.832812 0.085938 0.106250 0.037500
5 0.833594 0.130469 0.117188 0.035937
5 0.835938 0.302344 0.112500 0.051562
5 0.838281 0.042969 0.114062 0.035937
5 0.838281 0.411719 0.132812 0.045312
5 0.839844 0.243750 0.123438 0.043750
5 0.839844 0.766406 0.126562 0.054688
5 0.842969 0.188281 0.107813 0.045312
5 0.842969 0.361719 0.117188 0.048438