8 0.222656 0.567969 0.342187 0.057813
8 0.225781 0.493750 0.345313 0.062500
8 0.231250 0.422656 0.350000 0.048438
8 0.236719 0.367188 0.345313 0.059375
8 0.243750 0.282813 0.359375 0.059375
8 0.251563 0.212500 0.362500 0.050000
8 0.258594 0.636719 0.357812 0.048438
8 0.260937 0.146094 0.365625 0.042188
8 0.270313 0.057813 0.365625 0.053125
8 0.280469 0.695312 0.317188 0.037500
8 0.756250 0.703125 0.256250 0.034375
8 0.769531 0.646875 0.260937 0.040625
8 0.778906 0.587500 0.307812 0.043750
8 0.786719 0.532813 0.285938 0.040625
8 0.787500 0.287500 0.262500 0.056250
8 0.790625 0.464844 0.275000 0.060937
8 0.792969 0.210938 0.264062 0.046875
8 0.802344 0.133594 0.270313 0.039062