9 0.155469 0.052344 0.273438 0.045312
9 0.164062 0.250781 0.296875 0.064062
9 0.164062 0.337500 0.303125 0.062500
9 0.165625 0.114844 0.309375 0.060937
9 0.168750 0.178906 0.315625 0.073438
9 0.180469 0.537500 0.345313 0.043750
9 0.196875 0.597656 0.378125 0.045312
9 0.200000 0.767188 0.284375 0.031250
9 0.220312 0.823438 0.306250 0.040625
9 0.232813 0.876563 0.303125 0.037500
9 0.599219 0.878125 0.389062 0.037500
9 0.671094 0.810937 0.404687 0.043750
9 0.671875 0.751563 0.406250 0.056250
9 0.697656 0.687500 0.332813 0.050000
9 0.710938 0.505469 0.381250 0.067187
9 0.712500 0.430469 0.384375 0.051562
9 0.714063 0.349219 0.390625 0.064062
9 0.731250 0.114062 0.343750 0.068750
9 0.735156 0.281250 0.398438 0.068750
9 0.751563 0.192188 0.396875 0.050000