9 0.217188 0.671094 0.359375 0.089063
9 0.217969 0.880469 0.317188 0.114062
9 0.218750 0.536719 0.368750 0.117188
9 0.222656 0.773438 0.317188 0.084375
9 0.225000 0.384375 0.340625 0.121875
9 0.237500 0.127344 0.315625 0.117188
9 0.238281 0.258594 0.348438 0.123438
9 0.535156 0.366406 0.239063 0.126562
9 0.560156 0.104688 0.279687 0.081250
9 0.576562 0.760156 0.321875 0.085938
9 0.581250 0.875781 0.303125 0.098437
9 0.594531 0.236719 0.310937 0.114062
9 0.617188 0.511719 0.387500 0.098437
9 0.625781 0.663281 0.385937 0.092188
9 0.814063 0.352344 0.287500 0.101562
9 0.830469 0.095312 0.229687 0.087500
9 0.849219 0.860156 0.189062 0.092188
9 0.868750 0.208594 0.168750 0.114062