1 0.118750 0.035937 0.212500 0.031250
1 0.125781 0.364063 0.235937 0.028125
1 0.128125 0.097656 0.228125 0.032813
1 0.129688 0.260937 0.240625 0.034375
1 0.132031 0.406250 0.248438 0.034375
1 0.135156 0.208594 0.245312 0.032813
1 0.137500 0.450781 0.259375 0.029687
1 0.138281 0.152344 0.251563 0.035937
1 0.141406 0.503125 0.267188 0.031250
1 0.150781 0.621094 0.282813 0.039062
1 0.399219 0.671875 0.201563 0.034375
1 0.400781 0.206250 0.220312 0.037500
1 0.400781 0.617969 0.185938 0.039062
1 0.400781 0.742188 0.195312 0.037500
1 0.403125 0.101562 0.218750 0.028125
1 0.403125 0.151562 0.215625 0.025000
1 0.404687 0.049219 0.203125 0.029687
1 0.404687 0.319531 0.215625 0.032813
1 0.405469 0.265625 0.229687 0.034375
1 0.410938 0.559375 0.215625 0.040625
1 0.424219 0.369531 0.235937 0.039062
1 0.428125 0.507812 0.256250 0.031250
1 0.428906 0.416406 0.245312 0.035937
1 0.429688 0.460156 0.240625 0.035937
1 0.721094 0.065625 0.264062 0.034375
1 0.721094 0.508594 0.267188 0.032813
1 0.721875 0.460938 0.240625 0.037500
1 0.723437 0.562500 0.275000 0.034375
1 0.725781 0.408594 0.242188 0.045312
1 0.737500 0.353906 0.268750 0.039062