1 0.137500 0.089063 0.193750 0.028125
1 0.140625 0.047656 0.206250 0.032813
1 0.143750 0.131250 0.209375 0.034375
1 0.146875 0.600781 0.203125 0.035937
1 0.147656 0.176563 0.210938 0.031250
1 0.152344 0.517969 0.204687 0.029687
1 0.153906 0.221094 0.220312 0.035937
1 0.153906 0.360938 0.210938 0.028125
1 0.153906 0.399219 0.201563 0.026562
1 0.153906 0.844531 0.223438 0.042188
1 0.154688 0.473438 0.203125 0.028125
1 0.156250 0.255469 0.218750 0.032813
1 0.156250 0.658594 0.203125 0.032813
1 0.157031 0.435156 0.210938 0.026562
1 0.157812 0.325000 0.212500 0.025000
1 0.158594 0.289844 0.217188 0.026562
1 0.162500 0.778125 0.246875 0.034375
1 0.165625 0.712500 0.218750 0.031250
1 0.172656 0.898438 0.220312 0.037500
1 0.417187 0.046875 0.206250 0.031250
1 0.419531 0.086719 0.226562 0.029687
1 0.421094 0.329688 0.229687 0.031250
1 0.423438 0.120313 0.231250 0.028125
1 0.423438 0.154688 0.218750 0.028125
1 0.423438 0.364063 0.225000 0.031250
1 0.424219 0.188281 0.226562 0.029687
1 0.425781 0.221875 0.226562 0.034375
1 0.425781 0.591406 0.210938 0.039062
1 0.429688 0.257812 0.240625 0.037500
1 0.429688 0.476562 0.225000 0.028125
1 0.433594 0.399219 0.229687 0.032813
1 0.434375 0.295312 0.237500 0.031250
1 0.435156 0.435156 0.232813 0.032813
1 0.435937 0.512500 0.240625 0.028125
1 0.450000 0.864844 0.225000 0.039062
1 0.450781 0.738281 0.232813 0.035937
1 0.451562 0.664062 0.243750 0.050000
1 0.452344 0.807031 0.232813 0.035937
1 0.751563 0.868750 0.243750 0.031250
1 0.756250 0.811719 0.237500 0.032813
1 0.759375 0.079687 0.243750 0.028125
1 0.761719 0.755469 0.232813 0.032813
1 0.762500 0.120313 0.243750 0.028125
1 0.765625 0.041406 0.250000 0.035937
1 0.765625 0.529687 0.234375 0.028125
1 0.766406 0.582031 0.232813 0.039062
1 0.767188 0.493750 0.231250 0.028125
1 0.768750 0.428906 0.234375 0.029687
1 0.768750 0.458594 0.234375 0.029687
1 0.769531 0.196094 0.245312 0.032813
1 0.769531 0.633594 0.235937 0.045312
1 0.771094 0.158594 0.251563 0.029687
1 0.771094 0.401562 0.239063 0.028125
1 0.775781 0.338281 0.239063 0.032813
1 0.775781 0.371094 0.245312 0.029687
1 0.776563 0.229687 0.262500 0.034375
1 0.776563 0.265625 0.250000 0.037500
1 0.777344 0.697656 0.239063 0.042188
1 0.778125 0.303125 0.237500 0.034375