9 0.114844 0.137500 0.173437 0.034375
9 0.119531 0.092188 0.195312 0.034375
9 0.128906 0.289844 0.201563 0.035937
9 0.132812 0.394531 0.209375 0.035937
9 0.135156 0.039062 0.214062 0.028125
9 0.136719 0.342187 0.198437 0.043750
9 0.139844 0.191406 0.223438 0.035937
9 0.139844 0.238281 0.223438 0.026562
9 0.158594 0.930469 0.235937 0.045312
9 0.159375 0.437500 0.234375 0.034375
9 0.159375 0.497656 0.225000 0.042188
9 0.164844 0.688281 0.201563 0.039062
9 0.169531 0.881250 0.207813 0.028125
9 0.171875 0.646875 0.228125 0.025000
9 0.173437 0.843750 0.215625 0.034375
9 0.174219 0.603125 0.242188 0.037500
9 0.217969 0.791406 0.239063 0.035937
9 0.221094 0.552344 0.332813 0.035937
9 0.221094 0.748437 0.298438 0.043750
9 0.339844 0.139844 0.182812 0.032813
9 0.348438 0.088281 0.181250 0.042188
9 0.362500 0.388281 0.225000 0.042188
9 0.371875 0.034375 0.203125 0.040625
9 0.371875 0.289844 0.184375 0.039062
9 0.386719 0.334375 0.223438 0.031250
9 0.393750 0.193750 0.218750 0.031250
9 0.399219 0.887500 0.201563 0.031250
9 0.409375 0.845313 0.196875 0.034375
9 0.414844 0.939063 0.185938 0.037500
9 0.417187 0.241406 0.278125 0.032813
9 0.422656 0.689063 0.226562 0.043750
9 0.436719 0.640625 0.239063 0.028125
9 0.446875 0.443750 0.243750 0.037500
9 0.453125 0.600000 0.237500 0.034375
9 0.453906 0.490625 0.276562 0.031250
9 0.475000 0.792969 0.181250 0.032813
9 0.530469 0.749219 0.239063 0.032813
9 0.559375 0.550000 0.240625 0.031250
9 0.562500 0.085938 0.162500 0.031250
9 0.571875 0.142187 0.175000 0.034375
9 0.595313 0.384375 0.184375 0.031250
9 0.607812 0.029687 0.171875 0.037500
9 0.623437 0.289844 0.225000 0.032813
9 0.625000 0.950000 0.181250 0.037500
9 0.633594 0.337500 0.201563 0.028125
9 0.646094 0.894531 0.195312 0.039062
9 0.651563 0.188281 0.196875 0.026562
9 0.657813 0.841406 0.231250 0.026562
9 0.695312 0.796094 0.200000 0.035937
9 0.700000 0.238281 0.212500 0.032813
9 0.710156 0.649219 0.192188 0.029687
9 0.730469 0.698438 0.214062 0.037500
9 0.740625 0.442969 0.243750 0.029687
9 0.750781 0.494531 0.210938 0.042188
9 0.761719 0.083594 0.154688 0.026562
9 0.761719 0.614062 0.273438 0.037500
9 0.767969 0.141406 0.148438 0.029687
9 0.802344 0.757031 0.195312 0.035937
9 0.820312 0.387500 0.209375 0.031250
9 0.823438 0.557813 0.178125 0.040625
9 0.841406 0.185938 0.145313 0.025000
9 0.843750 0.945312 0.200000 0.028125
9 0.845313 0.289844 0.181250 0.039062
9 0.846094 0.028125 0.182812 0.037500
9 0.847656 0.343750 0.170313 0.037500
9 0.878906 0.892969 0.170313 0.039062
9 0.879687 0.843750 0.171875 0.031250
9 0.888281 0.232031 0.148438 0.039062