0 0.096094 0.244531 0.135937 0.039062
0 0.109375 0.160156 0.134375 0.048438
0 0.119531 0.702344 0.189062 0.057813
0 0.140625 0.782813 0.184375 0.056250
0 0.157031 0.058594 0.198437 0.064062
0 0.318750 0.239063 0.221875 0.037500
0 0.333594 0.159375 0.198437 0.059375
0 0.339062 0.548438 0.203125 0.040625
0 0.350000 0.391406 0.200000 0.042188
0 0.365625 0.474219 0.209375 0.042188
0 0.384375 0.688281 0.212500 0.045312
0 0.389062 0.775781 0.168750 0.048438
0 0.393750 0.056250 0.165625 0.062500
0 0.567187 0.229687 0.159375 0.037500
0 0.585156 0.151562 0.217188 0.043750
0 0.601562 0.057813 0.146875 0.056250
0 0.613281 0.767969 0.185938 0.048438
0 0.757812 0.481250 0.112500 0.034375
0 0.792969 0.053125 0.157812 0.046875
0 0.796094 0.680469 0.167187 0.051562
0 0.810937 0.229687 0.178125 0.043750
0 0.814063 0.767969 0.143750 0.048438
0 0.819531 0.157031 0.151562 0.039062
0 0.825000 0.393750 0.156250 0.040625
0 0.828906 0.313281 0.129688 0.035937