9 0.240625 0.518750 0.381250 0.090625
9 0.242969 0.096094 0.357812 0.114062
9 0.246875 0.812500 0.378125 0.140625
9 0.257031 0.662500 0.395313 0.096875
9 0.259375 0.237500 0.387500 0.125000
9 0.264844 0.395313 0.423438 0.112500
9 0.584375 0.089844 0.256250 0.101562
9 0.627344 0.510156 0.339062 0.089063
9 0.682813 0.235937 0.350000 0.093750
9 0.685156 0.906250 0.370312 0.084375
9 0.696875 0.792969 0.440625 0.114062
9 0.716406 0.389062 0.345313 0.087500
9 0.720313 0.641406 0.359375 0.064062
9 0.855469 0.086719 0.220312 0.092188