8 0.212500 0.768750 0.306250 0.037500
8 0.219531 0.331250 0.335938 0.046875
8 0.228125 0.256250 0.296875 0.046875
8 0.232031 0.157812 0.310937 0.050000
8 0.238281 0.406250 0.304688 0.053125
8 0.246875 0.700781 0.346875 0.054688
8 0.248438 0.550781 0.337500 0.057813
8 0.251563 0.622656 0.381250 0.048438
8 0.257812 0.857812 0.390625 0.056250
8 0.696875 0.780469 0.412500 0.032813
8 0.707031 0.471875 0.392188 0.040625
8 0.710938 0.625781 0.381250 0.039062
8 0.727344 0.260156 0.295312 0.039062
8 0.728125 0.552344 0.315625 0.048438
8 0.732031 0.145313 0.376563 0.043750
8 0.732812 0.406250 0.300000 0.037500
8 0.735156 0.195312 0.354687 0.043750
8 0.742188 0.703125 0.331250 0.053125
8 0.746094 0.062500 0.317188 0.050000
8 0.762500 0.328906 0.334375 0.042188
8 0.762500 0.852344 0.331250 0.045312