9 0.192188 0.389062 0.250000 0.053125
9 0.207031 0.045312 0.229687 0.071875
9 0.240625 0.142969 0.203125 0.048438
9 0.334375 0.746094 0.287500 0.054688
9 0.383594 0.277344 0.251563 0.079687
9 0.410938 0.056250 0.106250 0.053125
9 0.425781 0.628906 0.360938 0.054688
9 0.427344 0.514062 0.360938 0.053125
9 0.521094 0.152344 0.214062 0.051562
9 0.578906 0.397656 0.279687 0.064062
9 0.659375 0.786719 0.287500 0.076563
9 0.703125 0.267969 0.231250 0.067187
9 0.785156 0.633594 0.292187 0.070312
9 0.808594 0.550000 0.289062 0.040625