4 0.057031 0.703906 0.079687 0.023438
4 0.057813 0.100781 0.071875 0.020313
4 0.057813 0.349219 0.075000 0.023438
4 0.057813 0.493750 0.084375 0.021875
4 0.058594 0.550781 0.082812 0.020313
4 0.059375 0.427344 0.087500 0.020313
4 0.060156 0.145313 0.085938 0.018750
4 0.062500 0.777344 0.087500 0.020313
4 0.063281 0.208594 0.085938 0.023438
4 0.064062 0.043750 0.078125 0.021875
4 0.064062 0.628125 0.087500 0.021875
4 0.064844 0.276562 0.082812 0.018750
4 0.067969 0.897656 0.095312 0.023438
4 0.070312 0.839844 0.087500 0.020313
4 0.284375 0.689063 0.068750 0.021875
4 0.285938 0.755469 0.078125 0.026562
4 0.289844 0.631250 0.076563 0.018750
4 0.291406 0.364063 0.082812 0.021875
4 0.292969 0.044531 0.076563 0.017188
4 0.292969 0.167969 0.089063 0.020313
4 0.293750 0.496094 0.081250 0.020313
4 0.293750 0.557813 0.081250 0.021875
4 0.294531 0.432812 0.085938 0.021875
4 0.295312 0.227344 0.081250 0.023438
4 0.296094 0.103906 0.089063 0.020313
4 0.296875 0.863281 0.062500 0.023438
4 0.297656 0.813281 0.079687 0.026562
4 0.304688 0.296875 0.081250 0.018750
4 0.311719 0.909375 0.085938 0.021875
4 0.536719 0.625781 0.098437 0.023438
4 0.536719 0.889844 0.076563 0.017188
4 0.538281 0.692187 0.079687 0.025000
4 0.538281 0.832031 0.073438 0.020313
4 0.540625 0.480469 0.078125 0.023438
4 0.540625 0.554688 0.078125 0.021875
4 0.542969 0.760156 0.082812 0.020313
4 0.549219 0.416406 0.076563 0.023438
4 0.550000 0.257812 0.071875 0.025000
4 0.552344 0.346875 0.095312 0.025000
4 0.553125 0.056250 0.078125 0.018750
4 0.560156 0.180469 0.076563 0.026562
4 0.564063 0.121875 0.084375 0.018750
4 0.767969 0.416406 0.073438 0.029687
4 0.767969 0.486719 0.076563 0.023438
4 0.773438 0.064844 0.075000 0.020313
4 0.773438 0.336719 0.084375 0.026562
4 0.777344 0.692187 0.082812 0.031250
4 0.778125 0.621094 0.087500 0.032813
4 0.778906 0.756250 0.079687 0.028125
4 0.781250 0.132812 0.081250 0.025000
4 0.781250 0.269531 0.078125 0.026562
4 0.782031 0.553125 0.082812 0.025000
4 0.782813 0.207813 0.087500 0.025000
4 0.784375 0.816406 0.075000 0.026562
4 0.789062 0.873437 0.078125 0.018750