5 0.088281 0.787500 0.092188 0.040625
5 0.093750 0.382812 0.121875 0.037500
5 0.098437 0.230469 0.128125 0.039062
5 0.099219 0.160156 0.107813 0.039062
5 0.100781 0.852344 0.110937 0.039062
5 0.103906 0.653125 0.117188 0.043750
5 0.112500 0.918750 0.106250 0.037500
5 0.114062 0.717187 0.106250 0.037500
5 0.117188 0.589844 0.131250 0.039062
5 0.122656 0.448437 0.154688 0.040625
5 0.123438 0.522656 0.143750 0.042188
5 0.138281 0.078125 0.139063 0.053125
5 0.248438 0.778125 0.121875 0.028125
5 0.265625 0.845313 0.121875 0.031250
5 0.270313 0.228125 0.109375 0.021875
5 0.275781 0.912500 0.123438 0.046875
5 0.280469 0.378906 0.145313 0.029687
5 0.280469 0.703125 0.114062 0.034375
5 0.287500 0.155469 0.143750 0.042188
5 0.291406 0.639062 0.126562 0.034375
5 0.312500 0.515625 0.125000 0.031250
5 0.312500 0.571094 0.146875 0.045312
5 0.339062 0.436719 0.137500 0.029687
5 0.346094 0.076563 0.132812 0.050000
5 0.424219 0.921875 0.098437 0.028125
5 0.446875 0.774219 0.100000 0.029687
5 0.452344 0.696094 0.114062 0.035937
5 0.457813 0.232813 0.118750 0.025000
5 0.458594 0.839063 0.164062 0.031250
5 0.491406 0.380469 0.157812 0.029687
5 0.499219 0.636719 0.170313 0.039062
5 0.508594 0.560156 0.114062 0.039062
5 0.521094 0.501563 0.135937 0.040625
5 0.526563 0.153906 0.118750 0.042188
5 0.552344 0.437500 0.145313 0.031250
5 0.568750 0.917969 0.115625 0.026562
5 0.582031 0.081250 0.114062 0.043750
5 0.627344 0.767188 0.089063 0.031250
5 0.659375 0.683594 0.109375 0.035937
5 0.662500 0.233594 0.115625 0.023438
5 0.671875 0.835938 0.150000 0.028125
5 0.704688 0.495312 0.140625 0.040625
5 0.709375 0.381250 0.156250 0.028125
5 0.720313 0.562500 0.137500 0.040625
5 0.735156 0.919531 0.120313 0.026562
5 0.742969 0.623437 0.176563 0.037500
5 0.746875 0.160156 0.128125 0.035937
5 0.749219 0.432031 0.154688 0.029687
5 0.785156 0.763281 0.101562 0.032813
5 0.786719 0.091406 0.098437 0.039062
5 0.798438 0.299219 0.100000 0.042188
5 0.831250 0.832031 0.093750 0.029687
5 0.832812 0.681250 0.128125 0.031250
5 0.867969 0.486719 0.098437 0.039062
5 0.869531 0.552344 0.098437 0.035937