8 0.221094 0.384375 0.389062 0.059375
8 0.221875 0.123438 0.368750 0.037500
8 0.223438 0.078125 0.350000 0.037500
8 0.223438 0.196875 0.381250 0.053125
8 0.223438 0.645312 0.315625 0.040625
8 0.225000 0.462500 0.384375 0.062500
8 0.226562 0.331250 0.387500 0.053125
8 0.228125 0.265625 0.375000 0.046875
8 0.228906 0.524219 0.385937 0.054688
8 0.231250 0.710156 0.321875 0.035937
8 0.234375 0.587500 0.393750 0.040625
8 0.253906 0.835938 0.301563 0.040625
8 0.256250 0.888281 0.303125 0.029687
8 0.259375 0.770312 0.296875 0.034375
8 0.650000 0.897656 0.318750 0.035937
8 0.657031 0.589063 0.373437 0.037500
8 0.666406 0.768750 0.348438 0.034375
8 0.680469 0.639062 0.379688 0.037500
8 0.681250 0.827344 0.350000 0.045312
8 0.685156 0.703906 0.395313 0.045312
8 0.709375 0.202344 0.403125 0.042188
8 0.713281 0.149219 0.398438 0.045312
8 0.714844 0.089844 0.373437 0.039062
8 0.728125 0.264844 0.415625 0.051562
8 0.735938 0.403906 0.446875 0.064062
8 0.742188 0.523438 0.453125 0.043750
8 0.746875 0.467969 0.459375 0.045312