9 0.145313 0.665625 0.171875 0.046875
9 0.197656 0.535156 0.276562 0.042188
9 0.203906 0.065625 0.307812 0.053125
9 0.208594 0.462500 0.295312 0.053125
9 0.214844 0.143750 0.339062 0.071875
9 0.224219 0.789844 0.332813 0.064062
9 0.225000 0.345313 0.356250 0.046875
9 0.225000 0.962500 0.281250 0.034375
9 0.225781 0.409375 0.348438 0.056250
9 0.234375 0.221875 0.365625 0.050000
9 0.243750 0.917188 0.371875 0.046875
9 0.244531 0.280469 0.410938 0.051562
9 0.247656 0.856250 0.376563 0.062500
9 0.274219 0.602344 0.435937 0.064062
9 0.274219 0.723437 0.398438 0.059375
9 0.382031 0.647656 0.204687 0.042188
9 0.560156 0.523438 0.332813 0.046875
9 0.561719 0.051562 0.345313 0.037500
9 0.571875 0.771875 0.281250 0.050000
9 0.574219 0.121094 0.276562 0.051562
9 0.575781 0.440625 0.310937 0.034375
9 0.604688 0.827344 0.262500 0.042188
9 0.611719 0.326562 0.335938 0.040625
9 0.615625 0.207031 0.287500 0.035937
9 0.623437 0.389844 0.371875 0.051562
9 0.630469 0.903906 0.307812 0.029687
9 0.644531 0.701562 0.264062 0.050000
9 0.646875 0.264844 0.343750 0.042188
9 0.667188 0.635156 0.256250 0.042188
9 0.682813 0.948438 0.375000 0.037500
9 0.689063 0.577344 0.296875 0.051562
9 0.836719 0.109375 0.192188 0.037500
9 0.837500 0.511719 0.187500 0.035937
9 0.837500 0.818750 0.146875 0.034375
9 0.846094 0.757031 0.192188 0.029687
9 0.846875 0.048438 0.184375 0.034375
9 0.852344 0.193750 0.151562 0.031250
9 0.852344 0.435937 0.182812 0.040625
9 0.864062 0.697656 0.140625 0.035937
9 0.878125 0.316406 0.168750 0.035937
9 0.892969 0.378125 0.126562 0.028125