8 0.146875 0.904687 0.203125 0.040625
8 0.165625 0.403906 0.212500 0.045312
8 0.237500 0.688281 0.378125 0.042188
8 0.250781 0.475000 0.385937 0.043750
8 0.253125 0.264062 0.359375 0.068750
8 0.253125 0.339844 0.378125 0.045312
8 0.253906 0.178906 0.364063 0.060937
8 0.256250 0.611719 0.428125 0.045312
8 0.263281 0.052344 0.367188 0.042188
8 0.267969 0.117188 0.370312 0.050000
8 0.270313 0.803125 0.446875 0.040625
8 0.270313 0.856250 0.465625 0.034375
8 0.274219 0.749219 0.470313 0.035937
8 0.276562 0.540625 0.450000 0.053125
8 0.424219 0.393750 0.242188 0.040625
8 0.438281 0.907031 0.273438 0.032813
8 0.636719 0.465625 0.292187 0.037500
8 0.668750 0.107031 0.400000 0.032813
8 0.669531 0.046875 0.410938 0.040625
8 0.681250 0.685937 0.359375 0.034375
8 0.685156 0.391406 0.201563 0.035937
8 0.688281 0.177344 0.389062 0.064062
8 0.688281 0.250781 0.392188 0.051562
8 0.689063 0.326562 0.400000 0.037500
8 0.691406 0.803906 0.326562 0.029687
8 0.700000 0.753125 0.321875 0.034375
8 0.701562 0.857031 0.318750 0.035937
8 0.723437 0.600000 0.400000 0.043750
8 0.730469 0.910937 0.229687 0.031250
8 0.744531 0.525781 0.392188 0.035937