5 0.054688 0.069531 0.084375 0.042188
5 0.063281 0.146094 0.076563 0.039062
5 0.064062 0.763281 0.121875 0.048438
5 0.064062 0.916406 0.109375 0.048438
5 0.066406 0.335938 0.095312 0.037500
5 0.069531 0.845313 0.098437 0.040625
5 0.070312 0.471875 0.131250 0.043750
5 0.073438 0.288281 0.087500 0.039062
5 0.073438 0.612500 0.118750 0.043750
5 0.074219 0.403906 0.117188 0.048438
5 0.075000 0.210156 0.100000 0.045312
5 0.081250 0.550781 0.115625 0.042188
5 0.246094 0.132812 0.120313 0.046875
5 0.258594 0.060937 0.114062 0.050000
5 0.258594 0.330469 0.114062 0.039062
5 0.260156 0.199219 0.129688 0.042188
5 0.260937 0.280469 0.106250 0.039062
5 0.264844 0.396094 0.117188 0.042188
5 0.265625 0.474219 0.121875 0.042188
5 0.269531 0.914844 0.110937 0.045312
5 0.278906 0.607031 0.120313 0.051562
5 0.278906 0.830469 0.114062 0.048438
5 0.283594 0.542969 0.120313 0.042188
5 0.447656 0.400781 0.107813 0.039062
5 0.453125 0.123438 0.115625 0.043750
5 0.460156 0.466406 0.120313 0.042188
5 0.460938 0.668750 0.118750 0.043750
5 0.462500 0.054688 0.100000 0.043750
5 0.464844 0.201563 0.117188 0.043750
5 0.464844 0.325000 0.117188 0.037500
5 0.482031 0.276562 0.126562 0.037500
5 0.725781 0.846875 0.126562 0.056250
5 0.735938 0.663281 0.106250 0.045312
5 0.738281 0.318750 0.101562 0.034375
5 0.738281 0.385937 0.098437 0.037500
5 0.749219 0.533594 0.114062 0.045312
5 0.766406 0.204687 0.126562 0.043750
5 0.771094 0.123438 0.129688 0.040625
5 0.771875 0.262500 0.112500 0.046875
5 0.785156 0.037500 0.120313 0.046875