2 0.128125 0.550000 0.084375 0.021875
2 0.133594 0.663281 0.085938 0.032813
2 0.135937 0.435156 0.087500 0.026562
2 0.137500 0.167187 0.100000 0.028125
2 0.138281 0.207813 0.092188 0.025000
2 0.138281 0.785156 0.092188 0.032813
2 0.140625 0.308594 0.096875 0.035937
2 0.140625 0.885938 0.106250 0.031250
2 0.142969 0.125000 0.107813 0.025000
2 0.150000 0.073438 0.118750 0.034375
2 0.383594 0.170313 0.098437 0.025000
2 0.386719 0.317188 0.092188 0.028125
2 0.387500 0.207031 0.096875 0.026562
2 0.393750 0.130469 0.090625 0.029687
2 0.401562 0.075781 0.096875 0.029687
2 0.403125 0.419531 0.078125 0.029687
2 0.406250 0.474219 0.146875 0.032813
2 0.415625 0.535156 0.096875 0.026562
2 0.433594 0.647656 0.089063 0.026562
2 0.456250 0.771875 0.096875 0.031250
2 0.473438 0.859375 0.087500 0.031250
2 0.637500 0.315625 0.087500 0.025000
2 0.641406 0.410156 0.085938 0.026562
2 0.644531 0.165625 0.089063 0.021875
2 0.649219 0.204687 0.098437 0.025000
2 0.651563 0.075781 0.100000 0.026562
2 0.653906 0.130469 0.092188 0.023438
2 0.660156 0.525781 0.082812 0.029687
2 0.678906 0.460156 0.145313 0.032813
2 0.691406 0.626563 0.085938 0.025000
2 0.718750 0.748437 0.090625 0.034375
2 0.729688 0.832031 0.081250 0.029687
2 0.832812 0.360156 0.187500 0.060937
2 0.840625 0.253906 0.193750 0.064062
2 0.842187 0.151562 0.168750 0.056250
2 0.845313 0.058594 0.203125 0.048438
2 0.846875 0.441406 0.128125 0.048438
2 0.860156 0.521094 0.164062 0.067187