5 0.079687 0.797656 0.096875 0.045312
5 0.087500 0.390625 0.128125 0.037500
5 0.092969 0.160938 0.110937 0.037500
5 0.094531 0.231250 0.132812 0.040625
5 0.096875 0.662500 0.125000 0.046875
5 0.096875 0.861719 0.112500 0.042188
5 0.107031 0.928125 0.117188 0.043750
5 0.109375 0.725781 0.112500 0.039062
5 0.112500 0.597656 0.134375 0.042188
5 0.119531 0.452344 0.160938 0.045312
5 0.120313 0.532031 0.153125 0.042188
5 0.135937 0.077344 0.143750 0.054688
5 0.250781 0.789844 0.132812 0.035937
5 0.258594 0.856250 0.129688 0.034375
5 0.269531 0.229687 0.110937 0.025000
5 0.272656 0.922656 0.114062 0.045312
5 0.278906 0.711719 0.110937 0.035937
5 0.281250 0.385156 0.146875 0.029687
5 0.286719 0.156250 0.145313 0.040625
5 0.296875 0.646875 0.140625 0.037500
5 0.307812 0.578906 0.156250 0.042188
5 0.314844 0.521875 0.135937 0.034375
5 0.341406 0.443750 0.145313 0.034375
5 0.344531 0.076563 0.132812 0.053125
5 0.425781 0.929688 0.092188 0.034375
5 0.451562 0.702344 0.121875 0.035937
5 0.453906 0.850781 0.157812 0.032813
5 0.461719 0.237500 0.123438 0.025000
5 0.488281 0.386719 0.157812 0.032813
5 0.495312 0.642969 0.165625 0.039062
5 0.509375 0.564063 0.115625 0.043750
5 0.523438 0.507031 0.137500 0.039062
5 0.528906 0.157031 0.120313 0.042188
5 0.546875 0.441406 0.143750 0.035937
5 0.565625 0.927344 0.115625 0.026562
5 0.583594 0.080469 0.110937 0.045312
5 0.627344 0.774219 0.095312 0.032813
5 0.658594 0.300000 0.142187 0.028125
5 0.663281 0.236719 0.110937 0.023438
5 0.664062 0.688281 0.115625 0.035937
5 0.672656 0.844531 0.160938 0.029687
5 0.703906 0.499219 0.139063 0.045312
5 0.707031 0.385937 0.160938 0.025000
5 0.720313 0.566406 0.140625 0.039062
5 0.744531 0.925000 0.160938 0.031250
5 0.746094 0.628906 0.192188 0.039062
5 0.748437 0.439844 0.162500 0.029687
5 0.750781 0.160938 0.129688 0.037500
5 0.785937 0.771094 0.112500 0.032813
5 0.793750 0.092188 0.100000 0.037500
5 0.817187 0.242188 0.121875 0.025000
5 0.817187 0.303125 0.134375 0.043750
5 0.835156 0.841406 0.098437 0.026562
5 0.839844 0.688281 0.132812 0.032813
5 0.866406 0.492188 0.101562 0.037500
5 0.871875 0.556250 0.103125 0.034375