0 0.106250 0.145313 0.178125 0.071875
0 0.108594 0.057031 0.182812 0.073438
0 0.110156 0.236719 0.170313 0.073438
0 0.115625 0.322656 0.178125 0.060937
0 0.121875 0.405469 0.181250 0.067187
0 0.125781 0.701562 0.189062 0.075000
0 0.128906 0.514062 0.182812 0.078125
0 0.129688 0.812500 0.181250 0.078125
0 0.130469 0.605469 0.182812 0.070312
0 0.143750 0.923438 0.187500 0.081250
0 0.405469 0.317188 0.173437 0.059375
0 0.407813 0.398438 0.175000 0.068750
0 0.410938 0.142969 0.181250 0.070312
0 0.410938 0.229687 0.178125 0.068750
0 0.415625 0.499219 0.187500 0.064062
0 0.416406 0.054688 0.170313 0.075000
0 0.421094 0.589844 0.185938 0.067187
0 0.423438 0.697656 0.209375 0.076563
0 0.432812 0.800000 0.212500 0.065625
0 0.436719 0.921094 0.204687 0.076563
0 0.682031 0.049219 0.151562 0.073438
0 0.689063 0.130469 0.168750 0.064062
0 0.691406 0.215625 0.170313 0.065625
0 0.693750 0.305469 0.171875 0.067187
0 0.699219 0.388281 0.170313 0.070312
0 0.703906 0.485156 0.164062 0.067187
0 0.709375 0.577344 0.162500 0.073438
0 0.711719 0.682031 0.182812 0.070312
0 0.722656 0.791406 0.176563 0.070312
0 0.735156 0.914062 0.192188 0.071875
0 0.900781 0.046875 0.164062 0.075000
0 0.900781 0.211719 0.160938 0.064062
0 0.902344 0.300000 0.160938 0.062500
0 0.907813 0.683594 0.162500 0.070312
0 0.909375 0.384375 0.159375 0.068750
0 0.909375 0.476562 0.146875 0.065625
0 0.909375 0.789844 0.146875 0.057813
0 0.911719 0.571875 0.170313 0.068750
0 0.912500 0.916406 0.134375 0.057813