0 0.112500 0.156250 0.168750 0.071875
0 0.114062 0.068750 0.181250 0.075000
0 0.116406 0.244531 0.164062 0.076563
0 0.117969 0.328906 0.167187 0.064062
0 0.125781 0.411719 0.176563 0.070312
0 0.130469 0.516406 0.179688 0.076563
0 0.130469 0.701562 0.182812 0.068750
0 0.130469 0.810937 0.179688 0.071875
0 0.135937 0.606250 0.178125 0.071875
0 0.146094 0.921875 0.185938 0.081250
0 0.408594 0.321875 0.176563 0.059375
0 0.412500 0.403125 0.178125 0.065625
0 0.416406 0.233594 0.182812 0.067187
0 0.419531 0.150000 0.182812 0.068750
0 0.421094 0.503125 0.195312 0.065625
0 0.424219 0.594531 0.192188 0.070312
0 0.425000 0.066406 0.165625 0.073438
0 0.427344 0.700000 0.207813 0.071875
0 0.436719 0.802344 0.214062 0.064062
0 0.437500 0.921875 0.203125 0.078125
0 0.691406 0.059375 0.154688 0.068750
0 0.698438 0.139063 0.171875 0.065625
0 0.703125 0.221094 0.175000 0.067187
0 0.703906 0.309375 0.179688 0.068750
0 0.710156 0.392969 0.176563 0.067187
0 0.715625 0.490625 0.168750 0.065625
0 0.720313 0.582031 0.156250 0.067187
0 0.722656 0.687500 0.179688 0.068750
0 0.732031 0.793750 0.185938 0.071875
0 0.743750 0.917188 0.200000 0.071875
0 0.903906 0.136719 0.164062 0.064062
0 0.906250 0.220312 0.156250 0.062500
0 0.910156 0.057031 0.160938 0.070312
0 0.911719 0.307812 0.157812 0.059375
0 0.916406 0.686719 0.145313 0.064062
0 0.917188 0.792188 0.143750 0.062500
0 0.918750 0.392188 0.150000 0.065625
0 0.919531 0.482031 0.139063 0.064062
0 0.919531 0.578125 0.148438 0.059375
0 0.922656 0.917969 0.132812 0.060937