2 0.198437 0.893750 0.212500 0.068750
2 0.203906 0.081250 0.192188 0.050000
2 0.206250 0.803125 0.215625 0.065625
2 0.210156 0.698438 0.192188 0.053125
2 0.214844 0.164062 0.201563 0.050000
2 0.214844 0.262500 0.179688 0.043750
2 0.219531 0.370312 0.182812 0.046875
2 0.222656 0.590625 0.214062 0.053125
2 0.225000 0.476562 0.212500 0.056250
2 0.610938 0.085938 0.181250 0.040625
2 0.627344 0.174219 0.189062 0.048438
2 0.643750 0.785937 0.200000 0.056250
2 0.644531 0.268750 0.185938 0.043750
2 0.648438 0.372656 0.190625 0.051562
2 0.671875 0.467969 0.196875 0.054688
2 0.671875 0.572656 0.200000 0.048438
2 0.672656 0.687500 0.201563 0.046875
2 0.673438 0.862500 0.228125 0.056250