0 0.145313 0.667969 0.121875 0.045312
0 0.145313 0.905469 0.150000 0.045312
0 0.150781 0.585156 0.126562 0.045312
0 0.153125 0.742188 0.143750 0.056250
0 0.161719 0.507812 0.132812 0.043750
0 0.165625 0.825781 0.165625 0.045312
0 0.167969 0.266406 0.135937 0.045312
0 0.168750 0.434375 0.150000 0.046875
0 0.176563 0.185938 0.162500 0.043750
0 0.179688 0.113281 0.175000 0.042188
0 0.319531 0.660156 0.126562 0.039062
0 0.338281 0.735156 0.139063 0.048438
0 0.345313 0.891406 0.175000 0.048438
0 0.351562 0.500781 0.153125 0.045312
0 0.353906 0.825000 0.129688 0.040625
0 0.360156 0.424219 0.139063 0.045312
0 0.372656 0.576562 0.176563 0.043750
0 0.384375 0.260937 0.131250 0.040625
0 0.406250 0.182031 0.143750 0.035937
0 0.410938 0.110937 0.150000 0.037500
0 0.513281 0.651563 0.145313 0.037500
0 0.536719 0.885938 0.110937 0.043750
0 0.543750 0.419531 0.125000 0.042188
0 0.552344 0.817969 0.192188 0.039062
0 0.554688 0.492188 0.159375 0.040625
0 0.582031 0.325781 0.132812 0.032813
0 0.582031 0.566406 0.145313 0.045312
0 0.588281 0.254688 0.139063 0.046875
0 0.598437 0.734375 0.315625 0.043750
0 0.615625 0.180469 0.156250 0.032813
0 0.643750 0.107813 0.165625 0.034375
0 0.718750 0.646094 0.159375 0.042188
0 0.721875 0.877344 0.156250 0.039062
0 0.726562 0.412500 0.112500 0.040625
0 0.743750 0.492188 0.150000 0.043750
0 0.775781 0.807813 0.160938 0.043750
0 0.776563 0.319531 0.140625 0.042188
0 0.789062 0.559375 0.165625 0.040625
0 0.792969 0.254688 0.135937 0.037500
0 0.828125 0.173437 0.165625 0.037500
0 0.843750 0.109375 0.137500 0.040625
0 0.868750 0.641406 0.093750 0.039062
0 0.871875 0.405469 0.109375 0.045312
0 0.880469 0.484375 0.082812 0.034375