4 0.082031 0.603125 0.129688 0.050000
4 0.093750 0.524219 0.115625 0.051562
4 0.094531 0.735156 0.104688 0.035937
4 0.100781 0.880469 0.110937 0.039062
4 0.104688 0.453906 0.128125 0.032813
4 0.105469 0.669531 0.157812 0.035937
4 0.110156 0.810937 0.129688 0.043750
4 0.118750 0.165625 0.134375 0.040625
4 0.135937 0.073438 0.128125 0.062500
4 0.138281 0.325781 0.198437 0.029687
4 0.139844 0.246094 0.195312 0.026562
4 0.141406 0.385937 0.189062 0.046875
4 0.182812 0.932813 0.134375 0.037500
4 0.281250 0.710156 0.106250 0.029687
4 0.281250 0.852344 0.118750 0.039062
4 0.284375 0.783594 0.125000 0.035937
4 0.344531 0.154688 0.129688 0.031250
4 0.347656 0.077344 0.145313 0.042188
4 0.350781 0.567187 0.107813 0.046875
4 0.360156 0.497656 0.107813 0.042188
4 0.371094 0.639062 0.173437 0.040625
4 0.375000 0.427344 0.134375 0.035937
4 0.387500 0.911719 0.093750 0.032813
4 0.413281 0.239063 0.185938 0.050000
4 0.414844 0.313281 0.210938 0.039062
4 0.417969 0.366406 0.198437 0.029687
4 0.482031 0.696875 0.104688 0.031250
4 0.483594 0.832031 0.110937 0.032813
4 0.489844 0.764062 0.110937 0.034375
4 0.524219 0.491406 0.095312 0.029687
4 0.528906 0.895312 0.085938 0.034375
4 0.543750 0.549219 0.103125 0.026562
4 0.610156 0.147656 0.160938 0.035937
4 0.611719 0.615625 0.192188 0.037500
4 0.620313 0.071875 0.125000 0.034375
4 0.652344 0.682031 0.114062 0.054688
4 0.657031 0.419531 0.085938 0.023438
4 0.658594 0.755469 0.104688 0.035937
4 0.663281 0.888281 0.123438 0.032813
4 0.675781 0.821094 0.101562 0.023438
4 0.681250 0.224219 0.187500 0.051562
4 0.684375 0.478906 0.112500 0.026562
4 0.695312 0.295312 0.209375 0.021875
4 0.698438 0.540625 0.121875 0.037500
4 0.708594 0.357812 0.207813 0.028125
4 0.812500 0.411719 0.096875 0.023438
4 0.813281 0.744531 0.101562 0.054688
4 0.814844 0.066406 0.120313 0.029687
4 0.824219 0.135156 0.129688 0.029687
4 0.827344 0.670312 0.107813 0.034375
4 0.833594 0.522656 0.098437 0.029687
4 0.835938 0.866406 0.115625 0.042188
4 0.840625 0.594531 0.175000 0.026562
4 0.841406 0.474219 0.098437 0.023438
4 0.860156 0.803906 0.117188 0.026562
4 0.873437 0.208594 0.075000 0.023438
4 0.878125 0.280469 0.071875 0.023438
4 0.882031 0.358594 0.073438 0.023438