3 0.178906 0.124219 0.232813 0.110937
3 0.179688 0.845313 0.231250 0.100000
3 0.181250 0.514062 0.225000 0.115625
3 0.199219 0.710156 0.320312 0.132812
3 0.203906 0.267969 0.282813 0.126562
3 0.222656 0.390625 0.342187 0.071875
3 0.535156 0.139063 0.292187 0.112500
3 0.553906 0.407813 0.220312 0.053125
3 0.558594 0.278906 0.273438 0.082812
3 0.568750 0.520312 0.268750 0.140625
3 0.622656 0.848437 0.210938 0.090625
3 0.737500 0.718750 0.375000 0.131250
3 0.826562 0.406250 0.265625 0.050000
3 0.874219 0.147656 0.217188 0.101562