9 0.228125 0.710938 0.296875 0.034375
9 0.228906 0.899219 0.339062 0.035937
9 0.235156 0.784375 0.314063 0.037500
9 0.250781 0.080469 0.279687 0.032813
9 0.257812 0.144531 0.271875 0.029687
9 0.262500 0.840625 0.396875 0.034375
9 0.270313 0.567187 0.296875 0.031250
9 0.270313 0.650000 0.325000 0.031250
9 0.275000 0.514844 0.253125 0.042188
9 0.278906 0.204687 0.310937 0.031250
9 0.278906 0.261719 0.304688 0.032813
9 0.278906 0.310156 0.295312 0.032813
9 0.288281 0.381250 0.298438 0.040625
9 0.300781 0.445312 0.310937 0.053125
9 0.553125 0.702344 0.268750 0.032813
9 0.581250 0.625000 0.228125 0.028125
9 0.589063 0.772656 0.287500 0.039062
9 0.603125 0.573438 0.262500 0.034375
9 0.635938 0.900781 0.368750 0.035937
9 0.698438 0.838281 0.409375 0.045312
9 0.761719 0.085938 0.276562 0.040625
9 0.768750 0.142969 0.296875 0.039062
9 0.782031 0.028906 0.317188 0.039062
9 0.796875 0.325781 0.275000 0.039062
9 0.797656 0.279687 0.276562 0.040625
9 0.803125 0.530469 0.243750 0.042188
9 0.804688 0.218750 0.331250 0.046875
9 0.810937 0.396875 0.318750 0.053125
9 0.811719 0.696094 0.179688 0.026562
9 0.818750 0.623437 0.203125 0.028125
9 0.822656 0.461719 0.285938 0.054688
9 0.841406 0.767969 0.173437 0.029687
9 0.848437 0.578906 0.187500 0.029687