8 0.132031 0.014844 0.167187 0.029687
8 0.132812 0.072656 0.168750 0.026562
8 0.140625 0.135937 0.181250 0.028125
8 0.197656 0.195312 0.307812 0.037500
8 0.208594 0.271094 0.342187 0.035937
8 0.213281 0.355469 0.364063 0.042188
8 0.224219 0.429688 0.389062 0.053125
8 0.235937 0.503125 0.412500 0.050000
8 0.241406 0.576562 0.417187 0.050000
8 0.253906 0.657813 0.445312 0.068750
8 0.260937 0.753125 0.468750 0.068750
8 0.275000 0.851562 0.490625 0.093750
8 0.291406 0.957031 0.526563 0.060937
8 0.529687 0.038281 0.171875 0.032813
8 0.543750 0.087500 0.175000 0.028125
8 0.662500 0.139844 0.387500 0.029687
8 0.683594 0.261719 0.432812 0.057813
8 0.685156 0.190625 0.401562 0.046875
8 0.690625 0.341406 0.431250 0.054688
8 0.700781 0.483594 0.423438 0.067187
8 0.701562 0.407813 0.418750 0.062500
8 0.732031 0.551562 0.442188 0.062500
8 0.755469 0.625781 0.426563 0.073438
8 0.760156 0.719531 0.426563 0.073438
8 0.775000 0.810937 0.403125 0.065625
8 0.790625 0.930469 0.384375 0.073438