6 0.167187 0.342969 0.268750 0.076563
6 0.170313 0.435156 0.284375 0.067187
6 0.173437 0.850000 0.309375 0.093750
6 0.174219 0.236719 0.273438 0.079687
6 0.174219 0.743750 0.329688 0.090625
6 0.181250 0.538281 0.296875 0.085938
6 0.182031 0.941406 0.314063 0.076563
6 0.191406 0.649219 0.323437 0.089063
6 0.221094 0.103906 0.342187 0.126562
6 0.492969 0.942187 0.257812 0.084375
6 0.512500 0.842187 0.262500 0.081250
6 0.515625 0.735938 0.237500 0.071875
6 0.517969 0.311719 0.276562 0.085938
6 0.530469 0.646875 0.273438 0.084375
6 0.532813 0.178125 0.250000 0.053125
6 0.535156 0.535937 0.289062 0.084375
6 0.544531 0.070312 0.254688 0.078125
6 0.813281 0.945312 0.282813 0.084375
6 0.818750 0.424219 0.275000 0.070312
6 0.822656 0.847656 0.301563 0.076563
6 0.827344 0.750781 0.273438 0.095312
6 0.839063 0.640625 0.293750 0.084375
6 0.843750 0.301563 0.296875 0.093750
6 0.847656 0.528906 0.267188 0.089063
6 0.850000 0.068750 0.300000 0.087500
6 0.855469 0.165625 0.289062 0.059375