9 0.203125 0.541406 0.265625 0.029687
9 0.211719 0.491406 0.307812 0.039062
9 0.212500 0.876563 0.284375 0.043750
9 0.213281 0.930469 0.239063 0.032813
9 0.221875 0.429688 0.284375 0.046875
9 0.225000 0.736719 0.262500 0.048438
9 0.226562 0.373437 0.315625 0.040625
9 0.235937 0.670312 0.315625 0.043750
9 0.237500 0.814844 0.331250 0.042188
9 0.245312 0.307031 0.328125 0.042188
9 0.256250 0.599219 0.315625 0.048438
9 0.259375 0.235937 0.346875 0.043750
9 0.264062 0.169531 0.368750 0.045312
9 0.283594 0.081250 0.420312 0.053125
9 0.578125 0.530469 0.371875 0.029687
9 0.587500 0.471094 0.346875 0.039062
9 0.588281 0.410156 0.382812 0.035937
9 0.606250 0.660156 0.312500 0.042188
9 0.608594 0.596875 0.285938 0.037500
9 0.612500 0.724219 0.343750 0.042188
9 0.617969 0.356250 0.348438 0.034375
9 0.631250 0.913281 0.325000 0.039062
9 0.637500 0.857031 0.359375 0.032813
9 0.641406 0.292969 0.357812 0.039062
9 0.642188 0.799219 0.378125 0.042188
9 0.680469 0.229687 0.326562 0.034375
9 0.699219 0.164062 0.360938 0.037500
9 0.721094 0.082812 0.345313 0.031250