1 0.131250 0.027344 0.243750 0.026562
1 0.138281 0.144531 0.254688 0.035937
1 0.138281 0.303125 0.257812 0.037500
1 0.139844 0.089844 0.260937 0.029687
1 0.140625 0.415625 0.256250 0.034375
1 0.141406 0.364844 0.264062 0.039062
1 0.143750 0.464062 0.268750 0.040625
1 0.144531 0.202344 0.264062 0.032813
1 0.146094 0.249219 0.257812 0.042188
1 0.147656 0.507812 0.267188 0.040625
1 0.157031 0.559375 0.285938 0.040625
1 0.162500 0.616406 0.293750 0.045312
1 0.165625 0.925781 0.284375 0.048438
1 0.167969 0.678125 0.295312 0.046875
1 0.450000 0.085938 0.218750 0.034375
1 0.450000 0.133594 0.228125 0.029687
1 0.461719 0.187500 0.257812 0.037500
1 0.462500 0.024219 0.221875 0.029687
1 0.477344 0.483594 0.195312 0.029687
1 0.494531 0.652344 0.217188 0.035937
1 0.495312 0.594531 0.212500 0.032813
1 0.502344 0.778906 0.214062 0.032813
1 0.503125 0.721875 0.225000 0.034375
1 0.504687 0.826562 0.209375 0.031250
1 0.508594 0.910156 0.210938 0.032813
1 0.807031 0.078125 0.251563 0.034375
1 0.807813 0.020313 0.246875 0.034375
1 0.810156 0.170313 0.242188 0.028125
1 0.814063 0.124219 0.246875 0.035937
1 0.814844 0.327344 0.229687 0.039062
1 0.860156 0.893750 0.223438 0.040625