8 0.142187 0.418750 0.137500 0.043750
8 0.189844 0.894531 0.304688 0.054688
8 0.192969 0.763281 0.282813 0.057813
8 0.204687 0.546094 0.268750 0.054688
8 0.207031 0.825781 0.323437 0.051562
8 0.208594 0.689063 0.326562 0.040625
8 0.209375 0.360938 0.278125 0.046875
8 0.214062 0.155469 0.303125 0.042188
8 0.214844 0.232031 0.279687 0.039062
8 0.216406 0.626563 0.307812 0.043750
8 0.225000 0.478906 0.287500 0.054688
8 0.227344 0.076563 0.329688 0.050000
8 0.235156 0.298438 0.310937 0.046875
8 0.303906 0.407031 0.132812 0.045312
8 0.466406 0.391406 0.114062 0.035937
8 0.557031 0.457813 0.289062 0.050000
8 0.564844 0.159375 0.248438 0.043750
8 0.571875 0.221094 0.318750 0.039062
8 0.573438 0.342187 0.340625 0.040625
8 0.575781 0.509375 0.342187 0.053125
8 0.581250 0.903125 0.384375 0.037500
8 0.583594 0.565625 0.360938 0.050000
8 0.587500 0.071094 0.268750 0.039062
8 0.610156 0.379688 0.110937 0.034375
8 0.610156 0.791406 0.404687 0.039062
8 0.610938 0.288281 0.371875 0.029687
8 0.611719 0.847656 0.417187 0.039062
8 0.632812 0.675781 0.412500 0.048438
8 0.639844 0.738281 0.467187 0.042188
8 0.640625 0.613281 0.431250 0.057813
8 0.779687 0.371875 0.112500 0.034375
8 0.818750 0.159375 0.187500 0.040625
8 0.826562 0.440625 0.159375 0.043750
8 0.857812 0.074219 0.159375 0.039062
8 0.860156 0.222656 0.145313 0.032813
8 0.862500 0.317188 0.143750 0.037500