1 0.153906 0.687500 0.232813 0.034375
1 0.160156 0.635938 0.245312 0.046875
1 0.162500 0.803125 0.240625 0.040625
1 0.163281 0.579688 0.235937 0.043750
1 0.164062 0.400781 0.228125 0.032813
1 0.167969 0.740625 0.267188 0.046875
1 0.170313 0.525000 0.250000 0.043750
1 0.174219 0.346094 0.239063 0.042188
1 0.177344 0.860938 0.270313 0.037500
1 0.178906 0.465625 0.260937 0.034375
1 0.182031 0.175000 0.239063 0.037500
1 0.187500 0.122656 0.246875 0.032813
1 0.187500 0.228125 0.256250 0.037500
1 0.188281 0.060156 0.239063 0.035937
1 0.192188 0.290625 0.268750 0.040625
1 0.194531 0.919531 0.285938 0.045312
1 0.520312 0.050000 0.221875 0.034375
1 0.521094 0.098437 0.210938 0.034375
1 0.528125 0.939844 0.221875 0.032813
1 0.530469 0.768750 0.214062 0.040625
1 0.531250 0.617969 0.225000 0.042188
1 0.533594 0.822656 0.229687 0.039062
1 0.534375 0.485938 0.240625 0.043750
1 0.535937 0.297656 0.234375 0.039062
1 0.535937 0.570312 0.221875 0.040625
1 0.535937 0.662500 0.225000 0.040625
1 0.537500 0.193750 0.237500 0.040625
1 0.538281 0.714844 0.232813 0.042188
1 0.540625 0.393750 0.250000 0.037500
1 0.541406 0.874219 0.251563 0.051562
1 0.542969 0.147656 0.242188 0.035937
1 0.542969 0.527344 0.248438 0.035937
1 0.543750 0.443750 0.262500 0.037500
1 0.546875 0.248438 0.250000 0.037500
1 0.547656 0.342969 0.251563 0.045312
1 0.823438 0.931250 0.234375 0.040625
1 0.828125 0.768750 0.203125 0.031250
1 0.828906 0.289062 0.232813 0.037500
1 0.831250 0.089063 0.231250 0.037500
1 0.831250 0.454688 0.231250 0.043750
1 0.831250 0.874219 0.228125 0.039062
1 0.834375 0.136719 0.228125 0.039062
1 0.835156 0.562500 0.239063 0.043750
1 0.835938 0.345313 0.237500 0.040625
1 0.836719 0.666406 0.235937 0.032813
1 0.836719 0.717969 0.226562 0.039062
1 0.837500 0.039844 0.237500 0.045312
1 0.837500 0.191406 0.240625 0.045312
1 0.839063 0.399219 0.250000 0.045312
1 0.839844 0.604688 0.251563 0.040625
1 0.839844 0.814063 0.223438 0.031250
1 0.840625 0.243750 0.250000 0.037500
1 0.848437 0.504687 0.265625 0.046875