8 0.240625 0.047656 0.259375 0.051562
8 0.246094 0.115625 0.310937 0.065625
8 0.265625 0.900781 0.356250 0.067187
8 0.266406 0.802344 0.357812 0.067187
8 0.271875 0.190625 0.306250 0.059375
8 0.675000 0.179688 0.356250 0.037500
8 0.685937 0.042969 0.362500 0.045312
8 0.685937 0.117188 0.362500 0.056250
8 0.712500 0.257812 0.321875 0.043750
8 0.811719 0.746875 0.301563 0.046875
8 0.812500 0.649219 0.300000 0.054688
8 0.819531 0.545312 0.323437 0.050000
8 0.820312 0.823438 0.296875 0.043750
8 0.827344 0.932813 0.273438 0.040625