6 0.183594 0.322656 0.301563 0.098437
6 0.190625 0.462500 0.318750 0.090625
6 0.191406 0.586719 0.320312 0.092188
6 0.192969 0.803125 0.348438 0.090625
6 0.213281 0.700000 0.364063 0.100000
6 0.217188 0.912500 0.368750 0.112500
6 0.222656 0.117188 0.367188 0.131250
6 0.594531 0.282031 0.292187 0.089063
6 0.621094 0.116406 0.289062 0.110937
6 0.635156 0.428906 0.364063 0.082812
6 0.635156 0.908594 0.304688 0.104688
6 0.640625 0.790625 0.312500 0.081250
6 0.660156 0.544531 0.348438 0.085938
6 0.671094 0.675781 0.370312 0.089063