2 0.108594 0.775781 0.132812 0.057813
2 0.118750 0.847656 0.137500 0.060937
2 0.126562 0.366406 0.193750 0.045312
2 0.133594 0.192188 0.173437 0.050000
2 0.135937 0.697656 0.187500 0.067187
2 0.139844 0.610156 0.179688 0.064062
2 0.155469 0.910156 0.148438 0.048438
2 0.157812 0.091406 0.209375 0.073438
2 0.212500 0.955469 0.193750 0.054688
2 0.346094 0.754687 0.120313 0.040625
2 0.360156 0.821094 0.148438 0.048438
2 0.367969 0.899219 0.139063 0.042188
2 0.407031 0.437500 0.226562 0.050000
2 0.407813 0.590625 0.193750 0.071875
2 0.410938 0.671094 0.181250 0.057813
2 0.444531 0.165625 0.192188 0.053125
2 0.468750 0.946875 0.168750 0.053125
2 0.499219 0.079687 0.226562 0.056250
2 0.550781 0.736719 0.145313 0.045312
2 0.557031 0.888281 0.151562 0.039062
2 0.571094 0.804688 0.167187 0.053125
2 0.713281 0.578125 0.248438 0.087500
2 0.714844 0.653125 0.201563 0.068750
2 0.721875 0.720313 0.118750 0.053125
2 0.725000 0.500781 0.240625 0.054688
2 0.726562 0.939844 0.206250 0.048438
2 0.741406 0.304688 0.251563 0.059375
2 0.754687 0.144531 0.209375 0.048438
2 0.770312 0.793750 0.168750 0.046875
2 0.772656 0.881250 0.182812 0.043750
2 0.851562 0.716406 0.118750 0.042188