5 0.079687 0.165625 0.103125 0.034375
5 0.083594 0.395313 0.095312 0.034375
5 0.084375 0.028906 0.071875 0.026562
5 0.084375 0.685937 0.096875 0.034375
5 0.085938 0.314844 0.090625 0.029687
5 0.086719 0.613281 0.092188 0.035937
5 0.088281 0.092188 0.089063 0.028125
5 0.089844 0.544531 0.095312 0.039062
5 0.090625 0.474219 0.090625 0.039062
5 0.090625 0.751563 0.087500 0.037500
5 0.093750 0.246875 0.109375 0.034375
5 0.299219 0.092969 0.089063 0.029687
5 0.303906 0.026562 0.070312 0.025000
5 0.306250 0.165625 0.096875 0.031250
5 0.307812 0.242188 0.100000 0.031250
5 0.324219 0.309375 0.082812 0.034375
5 0.331250 0.387500 0.084375 0.031250
5 0.339062 0.671875 0.084375 0.034375
5 0.342187 0.748437 0.078125 0.034375
5 0.346875 0.464062 0.078125 0.031250
5 0.353906 0.597656 0.085938 0.032813
5 0.355469 0.530469 0.085938 0.039062
5 0.533594 0.023438 0.076563 0.028125
5 0.533594 0.090625 0.082812 0.028125
5 0.539062 0.164844 0.084375 0.029687
5 0.553906 0.240625 0.076563 0.028125
5 0.557813 0.312500 0.075000 0.028125
5 0.572656 0.390625 0.082812 0.031250
5 0.582031 0.456250 0.064062 0.031250
5 0.586719 0.518750 0.073438 0.031250
5 0.601562 0.587500 0.078125 0.028125
5 0.604688 0.658594 0.078125 0.032813
5 0.610156 0.746094 0.085938 0.029687
5 0.740625 0.167969 0.075000 0.026562
5 0.742969 0.095312 0.076563 0.021875
5 0.744531 0.023438 0.079687 0.025000
5 0.750781 0.240625 0.079687 0.028125
5 0.754687 0.310156 0.081250 0.026562
5 0.767188 0.389844 0.078125 0.032813
5 0.780469 0.448437 0.076563 0.034375
5 0.801562 0.503906 0.087500 0.032813
5 0.804688 0.578906 0.078125 0.029687
5 0.810937 0.648438 0.062500 0.028125
5 0.814063 0.743750 0.075000 0.034375
5 0.924219 0.024219 0.073438 0.026562
5 0.928125 0.094531 0.068750 0.026562
5 0.930469 0.164062 0.085938 0.025000
5 0.938281 0.237500 0.073438 0.031250
5 0.940625 0.307812 0.075000 0.028125
5 0.946875 0.385937 0.068750 0.031250
5 0.946875 0.449219 0.081250 0.032813
5 0.947656 0.578906 0.076563 0.029687