2 0.101562 0.638281 0.134375 0.042188
2 0.109375 0.707812 0.128125 0.046875
2 0.115625 0.782813 0.131250 0.040625
2 0.129688 0.546875 0.181250 0.053125
2 0.133594 0.208594 0.179688 0.054688
2 0.133594 0.843750 0.145313 0.040625
2 0.139063 0.478906 0.181250 0.048438
2 0.144531 0.052344 0.173437 0.057813
2 0.144531 0.909375 0.145313 0.037500
2 0.146875 0.391406 0.181250 0.060937
2 0.148438 0.136719 0.203125 0.051562
2 0.150000 0.297656 0.181250 0.057813
2 0.333594 0.682813 0.110937 0.043750
2 0.346094 0.810937 0.117188 0.037500
2 0.352344 0.615625 0.132812 0.037500
2 0.355469 0.757812 0.123438 0.034375
2 0.371094 0.374219 0.173437 0.057813
2 0.375781 0.529687 0.157812 0.043750
2 0.387500 0.278125 0.165625 0.050000
2 0.389844 0.884375 0.132812 0.037500
2 0.391406 0.457813 0.210938 0.053125
2 0.405469 0.201563 0.164062 0.046875
2 0.407031 0.939063 0.139063 0.040625
2 0.428906 0.046875 0.192188 0.059375
2 0.438281 0.121875 0.214062 0.040625
2 0.543750 0.738281 0.118750 0.035937
2 0.553125 0.798438 0.115625 0.037500
2 0.563281 0.669531 0.139063 0.042188
2 0.578125 0.605469 0.153125 0.039062
2 0.589063 0.870313 0.137500 0.031250
2 0.593750 0.922656 0.090625 0.029687
2 0.594531 0.357812 0.204687 0.059375
2 0.619531 0.267969 0.192188 0.048438
2 0.619531 0.514062 0.160938 0.053125
2 0.633594 0.442969 0.173437 0.048438
2 0.636719 0.194531 0.167187 0.057813
2 0.674219 0.112500 0.167187 0.053125
2 0.696094 0.047656 0.167187 0.045312
2 0.765625 0.913281 0.106250 0.026562
2 0.766406 0.782031 0.126562 0.035937
2 0.778125 0.655469 0.131250 0.035937
2 0.778906 0.725781 0.135937 0.039062
2 0.796094 0.856250 0.126562 0.043750
2 0.809375 0.593750 0.159375 0.037500
2 0.820312 0.342969 0.200000 0.051562
2 0.820312 0.503125 0.181250 0.046875
2 0.835156 0.256250 0.160938 0.050000
2 0.836719 0.428125 0.157812 0.031250
2 0.846875 0.182812 0.153125 0.040625
2 0.860938 0.106250 0.150000 0.037500
2 0.879687 0.044531 0.140625 0.042188