6 0.192188 0.321875 0.312500 0.093750
6 0.192188 0.459375 0.315625 0.087500
6 0.196875 0.582031 0.312500 0.092188
6 0.202344 0.795312 0.354687 0.093750
6 0.215625 0.694531 0.356250 0.089063
6 0.223438 0.116406 0.375000 0.126562
6 0.226562 0.910937 0.381250 0.109375
6 0.596094 0.282813 0.295312 0.090625
6 0.616406 0.116406 0.270313 0.107813
6 0.635938 0.422656 0.353125 0.079687
6 0.639844 0.900781 0.307812 0.104688
6 0.643750 0.782031 0.303125 0.079687
6 0.661719 0.542188 0.339062 0.081250
6 0.676562 0.667969 0.359375 0.085938