8 0.209375 0.101562 0.303125 0.059375
8 0.233594 0.310937 0.354687 0.078125
8 0.242188 0.449219 0.378125 0.098437
8 0.243750 0.585156 0.378125 0.114062
8 0.249219 0.207031 0.385937 0.073438
8 0.250000 0.714063 0.387500 0.106250
8 0.272656 0.924219 0.429688 0.095312
8 0.733594 0.698438 0.392188 0.068750
8 0.740625 0.442969 0.400000 0.076563
8 0.743750 0.565625 0.412500 0.087500
8 0.746875 0.803125 0.425000 0.068750
8 0.750781 0.303125 0.373437 0.068750
8 0.762500 0.896875 0.428125 0.068750
8 0.774219 0.181250 0.335938 0.062500
8 0.780469 0.077344 0.292187 0.064062