9 0.196875 0.524219 0.350000 0.089063
9 0.209375 0.101562 0.337500 0.121875
9 0.210156 0.762500 0.345313 0.118750
9 0.214844 0.639844 0.301563 0.104688
9 0.225781 0.396094 0.345313 0.085938
9 0.240625 0.260937 0.396875 0.090625
9 0.285938 0.884375 0.503125 0.093750
9 0.516406 0.752344 0.229687 0.117188
9 0.531250 0.615625 0.246875 0.087500
9 0.667188 0.390625 0.409375 0.075000
9 0.669531 0.112500 0.507812 0.131250
9 0.678906 0.498437 0.439063 0.071875
9 0.720313 0.278906 0.459375 0.095312
9 0.740625 0.870313 0.353125 0.090625
9 0.814844 0.732812 0.217188 0.084375
9 0.839844 0.604688 0.220312 0.075000