5 0.057813 0.099219 0.087500 0.042188
5 0.065625 0.175781 0.075000 0.039062
5 0.067969 0.760938 0.123438 0.050000
5 0.068750 0.911719 0.112500 0.042188
5 0.071094 0.352344 0.092188 0.042188
5 0.071875 0.482812 0.118750 0.050000
5 0.073438 0.419531 0.115625 0.054688
5 0.075000 0.619531 0.103125 0.042188
5 0.075781 0.842187 0.101562 0.040625
5 0.078125 0.235937 0.106250 0.040625
5 0.081250 0.305469 0.087500 0.042188
5 0.243750 0.161719 0.109375 0.042188
5 0.248438 0.349219 0.115625 0.039062
5 0.253125 0.092969 0.109375 0.048438
5 0.253125 0.300000 0.106250 0.040625
5 0.253125 0.412500 0.115625 0.040625
5 0.256250 0.485156 0.121875 0.042188
5 0.257031 0.225781 0.139063 0.042188
5 0.264062 0.910156 0.109375 0.045312
5 0.274219 0.614844 0.126562 0.051562
5 0.276562 0.828125 0.118750 0.050000
5 0.434375 0.416406 0.106250 0.039062
5 0.435937 0.151562 0.106250 0.043750
5 0.435937 0.674219 0.109375 0.042188
5 0.445312 0.480469 0.118750 0.045312
5 0.446875 0.341406 0.115625 0.042188
5 0.447656 0.086719 0.101562 0.045312
5 0.450781 0.225000 0.117188 0.043750
5 0.461719 0.296875 0.120313 0.037500
5 0.702344 0.843750 0.129688 0.056250
5 0.708594 0.921875 0.157812 0.062500
5 0.710938 0.670312 0.112500 0.043750
5 0.715625 0.337500 0.106250 0.037500
5 0.735938 0.224219 0.121875 0.048438
5 0.744531 0.279687 0.104688 0.046875
5 0.746094 0.151562 0.132812 0.037500
5 0.758594 0.070312 0.132812 0.043750