6 0.187500 0.303125 0.296875 0.093750
6 0.190625 0.441406 0.312500 0.089063
6 0.195312 0.779687 0.353125 0.087500
6 0.197656 0.565625 0.320312 0.090625
6 0.213281 0.678906 0.357812 0.092188
6 0.221094 0.889844 0.376563 0.107813
6 0.224219 0.103906 0.367188 0.123438
6 0.596875 0.271094 0.303125 0.092188
6 0.614844 0.107031 0.276562 0.098437
6 0.629687 0.887500 0.290625 0.100000
6 0.632812 0.413281 0.362500 0.085938
6 0.635938 0.775000 0.300000 0.081250
6 0.653125 0.533594 0.343750 0.085938
6 0.668750 0.660937 0.362500 0.087500