4 0.042188 0.022656 0.068750 0.026562
4 0.042188 0.245312 0.068750 0.021875
4 0.042969 0.201563 0.070312 0.018750
4 0.046094 0.073438 0.079687 0.025000
4 0.192188 0.957812 0.087500 0.018750
4 0.193750 0.480469 0.090625 0.020313
4 0.197656 0.435156 0.089063 0.023438
4 0.197656 0.835156 0.098437 0.020313
4 0.197656 0.885156 0.098437 0.023438
4 0.199219 0.377344 0.082812 0.020313
4 0.199219 0.659375 0.085938 0.021875
4 0.199219 0.778125 0.095312 0.018750
4 0.200000 0.725781 0.087500 0.017188
4 0.206250 0.568750 0.090625 0.018750
4 0.207031 0.515625 0.098437 0.021875
4 0.208594 0.614844 0.089063 0.020313
4 0.209375 0.328125 0.087500 0.015625
4 0.210156 0.285938 0.085938 0.021875
4 0.210938 0.125781 0.090625 0.026562
4 0.213281 0.185938 0.092188 0.015625
4 0.216406 0.228125 0.095312 0.021875
4 0.220312 0.056250 0.093750 0.025000
4 0.225000 0.012500 0.096875 0.018750
4 0.376563 0.821094 0.109375 0.023438
4 0.378125 0.950781 0.096875 0.023438
4 0.379688 0.870313 0.112500 0.021875
4 0.381250 0.767969 0.109375 0.020313
4 0.392188 0.653906 0.100000 0.020313
4 0.392188 0.715625 0.100000 0.021875
4 0.398438 0.610938 0.109375 0.015625
4 0.406250 0.422656 0.093750 0.020313
4 0.409375 0.471094 0.087500 0.020313
4 0.410938 0.167969 0.093750 0.023438
4 0.411719 0.507031 0.085938 0.020313
4 0.416406 0.366406 0.089063 0.020313
4 0.417969 0.557031 0.098437 0.020313
4 0.421094 0.212500 0.089063 0.025000
4 0.424219 0.315625 0.092188 0.018750
4 0.427344 0.107813 0.092188 0.021875
4 0.427344 0.271875 0.095312 0.021875
4 0.436719 0.040625 0.092188 0.025000
4 0.597656 0.552344 0.107813 0.023438
4 0.599219 0.460156 0.098437 0.020313
4 0.599219 0.852344 0.117188 0.023438
4 0.600000 0.755469 0.115625 0.020313
4 0.603906 0.697656 0.104688 0.023438
4 0.605469 0.500781 0.095312 0.020313
4 0.605469 0.803125 0.123438 0.021875
4 0.607812 0.355469 0.090625 0.023438
4 0.607812 0.604688 0.106250 0.025000
4 0.610156 0.204687 0.110937 0.021875
4 0.611719 0.643750 0.114062 0.021875
4 0.612500 0.414062 0.100000 0.021875
4 0.613281 0.262500 0.101562 0.021875
4 0.614844 0.306250 0.107813 0.021875
4 0.621094 0.152344 0.107813 0.023438
4 0.628125 0.092188 0.109375 0.021875
4 0.637500 0.036719 0.106250 0.029687
4 0.835156 0.445312 0.114062 0.021875
4 0.839063 0.397656 0.106250 0.023438
4 0.844531 0.540625 0.123438 0.021875
4 0.846094 0.088281 0.101562 0.026562
4 0.846094 0.484375 0.110937 0.021875
4 0.848437 0.035937 0.106250 0.028125
4 0.854688 0.341406 0.125000 0.026562
4 0.856250 0.295312 0.103125 0.025000
4 0.861719 0.140625 0.101562 0.025000
4 0.867969 0.188281 0.107813 0.023438
4 0.871875 0.240625 0.109375 0.025000