9 0.115625 0.136719 0.175000 0.032813
9 0.119531 0.092188 0.192188 0.034375
9 0.129688 0.287500 0.196875 0.034375
9 0.131250 0.392969 0.200000 0.029687
9 0.135156 0.039062 0.214062 0.028125
9 0.136719 0.342187 0.192188 0.040625
9 0.138281 0.192969 0.223438 0.035937
9 0.142187 0.238281 0.221875 0.023438
9 0.159375 0.496094 0.225000 0.042188
9 0.159375 0.930469 0.231250 0.042188
9 0.160156 0.436719 0.229687 0.032813
9 0.164062 0.688281 0.200000 0.039062
9 0.171094 0.646094 0.229687 0.023438
9 0.171094 0.880469 0.207813 0.026562
9 0.174219 0.842969 0.217188 0.035937
9 0.176563 0.601562 0.237500 0.037500
9 0.220312 0.791406 0.240625 0.039062
9 0.221094 0.747656 0.295312 0.042188
9 0.222656 0.551562 0.329688 0.034375
9 0.340625 0.140625 0.178125 0.034375
9 0.349219 0.089063 0.179688 0.043750
9 0.363281 0.387500 0.217188 0.034375
9 0.371875 0.034375 0.203125 0.040625
9 0.371875 0.290625 0.181250 0.037500
9 0.385937 0.335156 0.221875 0.029687
9 0.396094 0.194531 0.214062 0.035937
9 0.400000 0.886719 0.203125 0.029687
9 0.410156 0.845313 0.195312 0.034375
9 0.416406 0.939844 0.176563 0.039062
9 0.417969 0.240625 0.273438 0.031250
9 0.421875 0.689063 0.228125 0.043750
9 0.438281 0.640625 0.239063 0.025000
9 0.448437 0.444531 0.243750 0.035937
9 0.452344 0.488281 0.273438 0.029687
9 0.453125 0.599219 0.234375 0.032813
9 0.475781 0.794531 0.179688 0.029687
9 0.531250 0.750000 0.237500 0.034375
9 0.561719 0.550000 0.239063 0.034375
9 0.564063 0.085938 0.162500 0.028125
9 0.574219 0.141406 0.170313 0.032813
9 0.596094 0.383594 0.182812 0.029687
9 0.610156 0.028125 0.170313 0.037500
9 0.623437 0.949219 0.178125 0.035937
9 0.625000 0.289062 0.218750 0.031250
9 0.633594 0.338281 0.195312 0.029687
9 0.648438 0.894531 0.193750 0.039062
9 0.652344 0.186719 0.192188 0.026562
9 0.657813 0.841406 0.234375 0.026562
9 0.694531 0.796875 0.201563 0.028125
9 0.698438 0.235937 0.206250 0.028125
9 0.709375 0.648438 0.187500 0.028125
9 0.728906 0.697656 0.210938 0.035937
9 0.739844 0.442188 0.242188 0.028125
9 0.750781 0.494531 0.207813 0.039062
9 0.761719 0.085156 0.151562 0.026562
9 0.761719 0.612500 0.270313 0.037500
9 0.771094 0.141406 0.145313 0.029687
9 0.801562 0.755469 0.196875 0.035937
9 0.819531 0.389062 0.210938 0.034375
9 0.821875 0.557031 0.178125 0.042188
9 0.839844 0.184375 0.139063 0.021875
9 0.842187 0.945312 0.196875 0.025000
9 0.844531 0.028125 0.179688 0.037500
9 0.844531 0.289844 0.170313 0.035937
9 0.846875 0.344531 0.165625 0.035937
9 0.880469 0.842969 0.167187 0.029687
9 0.880469 0.892188 0.167187 0.040625
9 0.891406 0.232031 0.142187 0.029687