0 0.129688 0.315625 0.084375 0.053125
0 0.130469 0.153125 0.117188 0.050000
0 0.143750 0.414062 0.134375 0.053125
0 0.146094 0.489063 0.139063 0.050000
0 0.146875 0.221875 0.140625 0.046875
0 0.150781 0.816406 0.148438 0.045312
0 0.153125 0.564063 0.165625 0.050000
0 0.157031 0.735938 0.167187 0.056250
0 0.160156 0.655469 0.176563 0.051562
0 0.175781 0.944531 0.154688 0.045312
0 0.189844 0.883594 0.226562 0.042188
0 0.226562 0.076563 0.303125 0.056250
0 0.258594 0.148438 0.085938 0.040625
0 0.276562 0.307031 0.096875 0.051562
0 0.309375 0.409375 0.125000 0.046875
0 0.330469 0.478906 0.151562 0.045312
0 0.339062 0.216406 0.168750 0.048438
0 0.343750 0.551562 0.146875 0.046875
0 0.349219 0.935156 0.114062 0.045312
0 0.356250 0.804688 0.181250 0.053125
0 0.384375 0.641406 0.168750 0.060937
0 0.393750 0.143750 0.143750 0.040625
0 0.419531 0.722656 0.264062 0.045312
0 0.428906 0.300781 0.082812 0.048438
0 0.452344 0.871094 0.204687 0.039062
0 0.464844 0.400000 0.117188 0.043750
0 0.502344 0.939844 0.132812 0.054688
0 0.514844 0.543750 0.123438 0.043750
0 0.519531 0.472656 0.145313 0.045312
0 0.527344 0.211719 0.132812 0.042188
0 0.533594 0.075781 0.195312 0.051562
0 0.571094 0.295312 0.070312 0.050000
0 0.584375 0.139844 0.171875 0.039062
0 0.590625 0.800000 0.168750 0.050000
0 0.614844 0.633594 0.182812 0.048438
0 0.628906 0.391406 0.132812 0.045312
0 0.671875 0.539062 0.128125 0.040625
0 0.672656 0.937500 0.148438 0.050000
0 0.681250 0.721094 0.212500 0.048438
0 0.682031 0.871094 0.167187 0.048438
0 0.698438 0.296094 0.087500 0.051562
0 0.718750 0.463281 0.153125 0.042188
0 0.735156 0.209375 0.167187 0.043750
0 0.781250 0.795312 0.162500 0.043750
0 0.785937 0.137500 0.156250 0.037500
0 0.789062 0.071875 0.237500 0.050000
0 0.798438 0.382812 0.131250 0.043750
0 0.799219 0.626563 0.154688 0.043750
0 0.817969 0.529687 0.110937 0.037500
0 0.824219 0.289062 0.079687 0.046875
0 0.838281 0.932031 0.139063 0.045312
0 0.850781 0.713281 0.092188 0.042188
0 0.864062 0.867188 0.128125 0.046875
0 0.865625 0.457813 0.084375 0.043750
0 0.890625 0.207031 0.109375 0.042188