9 0.138281 0.646094 0.195312 0.035937
9 0.141406 0.878125 0.182812 0.043750
9 0.142969 0.576562 0.242188 0.043750
9 0.155469 0.472656 0.229687 0.048438
9 0.157031 0.797656 0.245312 0.035937
9 0.170313 0.384375 0.228125 0.046875
9 0.187500 0.300000 0.250000 0.043750
9 0.192188 0.142187 0.262500 0.046875
9 0.192969 0.216406 0.273438 0.051562
9 0.217969 0.043750 0.307812 0.056250
9 0.427344 0.723437 0.220312 0.037500
9 0.435937 0.874219 0.240625 0.045312
9 0.451562 0.468750 0.256250 0.040625
9 0.460938 0.388281 0.246875 0.045312
9 0.467187 0.566406 0.290625 0.032813
9 0.467969 0.297656 0.251563 0.051562
9 0.493750 0.216406 0.237500 0.039062
9 0.503906 0.125781 0.210938 0.029687
9 0.538281 0.047656 0.260937 0.054688
9 0.753906 0.874219 0.198437 0.039062
9 0.758594 0.375781 0.239063 0.039062
9 0.768750 0.719531 0.246875 0.029687
9 0.769531 0.454688 0.267188 0.043750
9 0.770312 0.642969 0.231250 0.045312
9 0.776563 0.291406 0.221875 0.051562
9 0.789062 0.572656 0.262500 0.032813
9 0.808594 0.209375 0.239063 0.040625
9 0.812500 0.116406 0.250000 0.029687
9 0.828125 0.053906 0.215625 0.039062