7 0.093750 0.252344 0.146875 0.039062
7 0.101562 0.560156 0.165625 0.048438
7 0.121875 0.720313 0.203125 0.062500
7 0.143750 0.800781 0.203125 0.070312
7 0.156250 0.067187 0.200000 0.065625
7 0.316406 0.250781 0.223438 0.045312
7 0.328125 0.887500 0.196875 0.040625
7 0.342187 0.561719 0.200000 0.045312
7 0.350781 0.403906 0.207813 0.045312
7 0.385937 0.704688 0.221875 0.056250
7 0.392188 0.793750 0.171875 0.056250
7 0.570312 0.238281 0.159375 0.042188
7 0.589063 0.160156 0.215625 0.045312
7 0.600000 0.495312 0.100000 0.046875
7 0.603125 0.060156 0.150000 0.057813
7 0.620313 0.785937 0.193750 0.053125
7 0.765625 0.493750 0.121875 0.040625
7 0.796875 0.057031 0.153125 0.045312
7 0.803906 0.696094 0.170313 0.051562
7 0.817187 0.235156 0.187500 0.045312
7 0.825781 0.783594 0.148438 0.051562
7 0.830469 0.403125 0.157812 0.043750
7 0.835156 0.321875 0.135937 0.037500