7 0.151562 0.721094 0.156250 0.042188
7 0.154688 0.837500 0.165625 0.040625
7 0.157031 0.657031 0.170313 0.035937
7 0.159375 0.899219 0.168750 0.032813
7 0.160156 0.782031 0.170313 0.039062
7 0.162500 0.602344 0.159375 0.032813
7 0.166406 0.481250 0.145313 0.034375
7 0.175000 0.535156 0.168750 0.039062
7 0.182031 0.426563 0.154688 0.031250
7 0.185938 0.364844 0.165625 0.032813
7 0.199219 0.292969 0.160938 0.035937
7 0.201563 0.229687 0.171875 0.034375
7 0.203125 0.169531 0.159375 0.032813
7 0.209375 0.108594 0.171875 0.029687
7 0.406250 0.875000 0.178125 0.034375
7 0.409375 0.817969 0.150000 0.029687
7 0.413281 0.759375 0.154688 0.037500
7 0.424219 0.702344 0.157812 0.032813
7 0.432812 0.544531 0.131250 0.032813
7 0.432812 0.654687 0.153125 0.031250
7 0.439844 0.595313 0.145313 0.031250
7 0.442969 0.490625 0.129688 0.034375
7 0.446875 0.434375 0.137500 0.034375
7 0.457813 0.383594 0.140625 0.032813
7 0.462500 0.331250 0.153125 0.040625
7 0.464844 0.208594 0.142187 0.042188
7 0.466406 0.156250 0.145313 0.037500
7 0.469531 0.271094 0.164062 0.042188
7 0.483594 0.107813 0.170313 0.037500
7 0.648438 0.914062 0.168750 0.028125
7 0.672656 0.843750 0.214062 0.031250
7 0.676562 0.658594 0.190625 0.032813
7 0.682813 0.601562 0.190625 0.031250
7 0.682813 0.714844 0.212500 0.032813
7 0.683594 0.541406 0.189062 0.032813
7 0.686719 0.782813 0.223438 0.031250