3 0.117188 0.385156 0.203125 0.089063
3 0.128906 0.175000 0.223438 0.078125
3 0.135156 0.277344 0.254688 0.092188
3 0.143750 0.965625 0.196875 0.059375
3 0.152344 0.694531 0.251563 0.082812
3 0.159375 0.787500 0.237500 0.084375
3 0.164844 0.596094 0.223438 0.098437
3 0.167187 0.885156 0.287500 0.089063
3 0.168750 0.492969 0.321875 0.101562
3 0.209375 0.060156 0.337500 0.104688
3 0.345313 0.381250 0.168750 0.087500
3 0.353906 0.964844 0.192188 0.067187
3 0.363281 0.275000 0.192188 0.084375
3 0.381250 0.779687 0.196875 0.071875
3 0.400781 0.182031 0.207813 0.070312
3 0.422656 0.683594 0.248438 0.076563
3 0.455469 0.591406 0.267188 0.079687
3 0.460156 0.871875 0.251563 0.087500
3 0.480469 0.489063 0.298438 0.075000
3 0.532031 0.068750 0.257812 0.118750
3 0.568750 0.953906 0.159375 0.057813
3 0.572656 0.373437 0.204687 0.071875
3 0.583594 0.775781 0.223438 0.073438
3 0.596094 0.280469 0.229687 0.073438
3 0.633594 0.180469 0.189062 0.082812
3 0.702344 0.858594 0.220312 0.079687
3 0.714844 0.689844 0.298438 0.073438
3 0.755469 0.952344 0.154688 0.054688
3 0.771094 0.582031 0.245312 0.076563
3 0.810937 0.363281 0.203125 0.076563
3 0.811719 0.478125 0.267188 0.081250
3 0.837500 0.061719 0.231250 0.098437
3 0.837500 0.273438 0.200000 0.068750
3 0.837500 0.769531 0.221875 0.064062
3 0.845313 0.175781 0.196875 0.085938
3 0.881250 0.854688 0.115625 0.075000
3 0.907031 0.946875 0.126562 0.065625