9 0.217188 0.395313 0.309375 0.050000
9 0.228125 0.346094 0.309375 0.057813
9 0.267969 0.460938 0.404687 0.050000
9 0.272656 0.160938 0.360938 0.053125
9 0.273438 0.226562 0.359375 0.046875
9 0.275000 0.075781 0.337500 0.051562
9 0.278906 0.273438 0.367188 0.050000
9 0.289844 0.564844 0.373437 0.054688
9 0.289844 0.625781 0.382812 0.054688
9 0.292969 0.510156 0.364063 0.042188
9 0.303906 0.684375 0.382812 0.056250
9 0.307812 0.814844 0.365625 0.067187
9 0.308594 0.744531 0.360938 0.039062
9 0.338281 0.875000 0.320312 0.059375
9 0.635156 0.387500 0.451562 0.037500
9 0.637500 0.328125 0.453125 0.043750
9 0.662500 0.134375 0.359375 0.056250
9 0.662500 0.198437 0.365625 0.053125
9 0.670312 0.058594 0.328125 0.045312
9 0.670312 0.260156 0.375000 0.048438
9 0.697656 0.441406 0.339062 0.035937
9 0.704688 0.494531 0.343750 0.035937
9 0.712500 0.559375 0.343750 0.040625
9 0.721094 0.626563 0.339062 0.062500
9 0.727344 0.685156 0.351562 0.060937
9 0.732812 0.743750 0.343750 0.043750
9 0.736719 0.801562 0.342187 0.050000
9 0.744531 0.868750 0.335938 0.056250