9 0.172656 0.816406 0.229687 0.032813
9 0.200781 0.878906 0.276562 0.026562
9 0.211719 0.747656 0.335938 0.032813
9 0.231250 0.683594 0.359375 0.039062
9 0.232031 0.609375 0.398438 0.046875
9 0.240625 0.542188 0.293750 0.040625
9 0.274219 0.463281 0.273438 0.029687
9 0.281250 0.421094 0.268750 0.035937
9 0.286719 0.382812 0.267188 0.028125
9 0.290625 0.347656 0.262500 0.029687
9 0.294531 0.301563 0.264062 0.028125
9 0.297656 0.112500 0.279687 0.040625
9 0.298438 0.264062 0.256250 0.031250
9 0.301563 0.193750 0.237500 0.028125
9 0.301563 0.229687 0.250000 0.028125
9 0.308594 0.160938 0.239063 0.021875
9 0.326562 0.060156 0.331250 0.048438
9 0.442188 0.806250 0.221875 0.031250
9 0.499219 0.873437 0.279687 0.028125
9 0.582812 0.663281 0.203125 0.039062
9 0.622656 0.739062 0.345313 0.034375
9 0.643750 0.099219 0.340625 0.035937
9 0.645312 0.532031 0.346875 0.032813
9 0.652344 0.478125 0.248438 0.021875
9 0.659375 0.605469 0.396875 0.035937
9 0.660156 0.444531 0.248438 0.032813
9 0.665625 0.407031 0.240625 0.026562
9 0.666406 0.372656 0.229687 0.026562
9 0.667969 0.257031 0.220312 0.023438
9 0.667969 0.296875 0.220312 0.025000
9 0.668750 0.154688 0.215625 0.021875
9 0.669531 0.330469 0.229687 0.029687
9 0.670312 0.189844 0.221875 0.023438
9 0.671094 0.221875 0.223438 0.028125
9 0.716406 0.805469 0.239063 0.029687
9 0.735938 0.049219 0.296875 0.039062
9 0.775000 0.867969 0.209375 0.026562
9 0.809375 0.659375 0.184375 0.031250