2 0.148438 0.532813 0.087500 0.028125
2 0.151562 0.432031 0.093750 0.029687
2 0.157031 0.335938 0.085938 0.028125
2 0.159375 0.628125 0.087500 0.034375
2 0.160938 0.237500 0.081250 0.028125
2 0.164062 0.066406 0.093750 0.029687
2 0.165625 0.705469 0.100000 0.032813
2 0.170313 0.781250 0.084375 0.031250
2 0.171094 0.153906 0.095312 0.026562
2 0.189844 0.880469 0.079687 0.045312
2 0.382031 0.072656 0.098437 0.026562
2 0.382812 0.606250 0.093750 0.025000
2 0.385156 0.691406 0.095312 0.029687
2 0.385937 0.507812 0.100000 0.034375
2 0.390625 0.414062 0.106250 0.031250
2 0.392188 0.151562 0.093750 0.031250
2 0.393750 0.772656 0.090625 0.035937
2 0.396094 0.232813 0.095312 0.025000
2 0.400000 0.328125 0.090625 0.031250
2 0.409375 0.869531 0.096875 0.035937
2 0.590625 0.487500 0.081250 0.028125
2 0.592969 0.317188 0.082812 0.025000
2 0.595313 0.230469 0.068750 0.026562
2 0.595313 0.396094 0.081250 0.026562
2 0.604688 0.071875 0.109375 0.025000
2 0.605469 0.579688 0.095312 0.025000
2 0.607031 0.853906 0.095312 0.026562
2 0.608594 0.148438 0.079687 0.028125
2 0.608594 0.671875 0.092188 0.031250
2 0.628125 0.754687 0.096875 0.037500
2 0.797656 0.073438 0.110937 0.028125
2 0.805469 0.558594 0.104688 0.029687
2 0.807813 0.475000 0.093750 0.028125
2 0.812500 0.387500 0.093750 0.031250
2 0.817187 0.656250 0.084375 0.034375
2 0.819531 0.151562 0.092188 0.028125
2 0.820312 0.220312 0.075000 0.031250
2 0.820312 0.840625 0.087500 0.031250
2 0.827344 0.307031 0.089063 0.023438
2 0.850000 0.750781 0.100000 0.026562