0 0.122656 0.152344 0.120313 0.051562
0 0.123438 0.317188 0.087500 0.053125
0 0.139844 0.221094 0.148438 0.045312
0 0.139844 0.416406 0.139063 0.051562
0 0.142969 0.492188 0.142187 0.050000
0 0.144531 0.821094 0.151562 0.045312
0 0.148438 0.567187 0.168750 0.050000
0 0.151562 0.740625 0.171875 0.059375
0 0.156250 0.657031 0.181250 0.051562
0 0.171094 0.950000 0.151562 0.046875
0 0.184375 0.889062 0.228125 0.043750
0 0.217969 0.073438 0.310937 0.059375
0 0.255469 0.148438 0.085938 0.040625
0 0.274219 0.309375 0.098437 0.053125
0 0.307031 0.410938 0.126562 0.046875
0 0.328125 0.479687 0.153125 0.043750
0 0.334375 0.218750 0.171875 0.050000
0 0.341406 0.551562 0.145313 0.046875
0 0.345313 0.941406 0.115625 0.042188
0 0.352344 0.807813 0.182812 0.053125
0 0.382812 0.644531 0.168750 0.060937
0 0.391406 0.143750 0.148438 0.040625
0 0.417187 0.724219 0.265625 0.048438
0 0.426563 0.302344 0.081250 0.048438
0 0.450000 0.876563 0.206250 0.037500
0 0.464062 0.400781 0.118750 0.042188
0 0.502344 0.946094 0.132812 0.054688
0 0.512500 0.545312 0.121875 0.043750
0 0.517969 0.473438 0.145313 0.043750
0 0.525781 0.211719 0.132812 0.042188
0 0.529687 0.073438 0.206250 0.056250
0 0.569531 0.297656 0.070312 0.048438
0 0.585156 0.139844 0.176563 0.042188
0 0.590625 0.804688 0.168750 0.050000
0 0.614062 0.632812 0.184375 0.046875
0 0.627344 0.392969 0.132812 0.045312
0 0.671875 0.540625 0.128125 0.040625
0 0.675000 0.943750 0.146875 0.050000
0 0.680469 0.722656 0.214062 0.045312
0 0.682813 0.876563 0.168750 0.050000
0 0.699219 0.296875 0.089063 0.050000
0 0.717969 0.463281 0.154688 0.042188
0 0.738281 0.207813 0.170313 0.046875
0 0.786719 0.799219 0.167187 0.042188
0 0.790625 0.135156 0.162500 0.035937
0 0.792188 0.067187 0.246875 0.050000
0 0.801562 0.384375 0.137500 0.046875
0 0.802344 0.628125 0.157812 0.043750
0 0.819531 0.530469 0.114062 0.035937
0 0.828125 0.288281 0.081250 0.048438
0 0.843750 0.938281 0.140625 0.045312
0 0.854688 0.716406 0.096875 0.039062
0 0.868750 0.874219 0.131250 0.045312
0 0.870313 0.458594 0.087500 0.045312
0 0.899219 0.203906 0.110937 0.045312