7 0.121875 0.321094 0.150000 0.035937
7 0.128125 0.399219 0.159375 0.042188
7 0.128125 0.676562 0.140625 0.040625
7 0.129688 0.472656 0.156250 0.042188
7 0.134375 0.185156 0.162500 0.035937
7 0.135156 0.239063 0.179688 0.040625
7 0.140625 0.615625 0.153125 0.043750
7 0.142969 0.125000 0.167187 0.037500
7 0.142969 0.740625 0.145313 0.034375
7 0.146094 0.852344 0.142187 0.035937
7 0.150781 0.803125 0.167187 0.031250
7 0.154688 0.060156 0.168750 0.035937
7 0.167187 0.908594 0.187500 0.042188
7 0.228125 0.950000 0.162500 0.031250
7 0.343750 0.838281 0.181250 0.039062
7 0.351562 0.652344 0.146875 0.039062
7 0.355469 0.721094 0.145313 0.039062
7 0.358594 0.450000 0.157812 0.034375
7 0.359375 0.589063 0.165625 0.043750
7 0.366406 0.376563 0.176563 0.034375
7 0.375781 0.298438 0.173437 0.031250
7 0.375781 0.783594 0.157812 0.039062
7 0.381250 0.106250 0.171875 0.037500
7 0.384375 0.049219 0.175000 0.039062
7 0.384375 0.167969 0.187500 0.039062
7 0.421094 0.215625 0.257812 0.040625
7 0.434375 0.894531 0.193750 0.039062
7 0.453125 0.517969 0.168750 0.039062
7 0.467187 0.946094 0.171875 0.029687
7 0.575781 0.570312 0.139063 0.031250
7 0.587500 0.826562 0.159375 0.031250
7 0.589844 0.428125 0.160938 0.040625
7 0.592969 0.685937 0.160938 0.043750
7 0.594531 0.631250 0.157812 0.043750
7 0.597656 0.357812 0.154688 0.034375
7 0.602344 0.766406 0.145313 0.035937
7 0.607812 0.292969 0.165625 0.032813
7 0.676562 0.036719 0.140625 0.029687
7 0.678125 0.083594 0.153125 0.032813
7 0.678125 0.882031 0.171875 0.032813
7 0.688281 0.499219 0.182812 0.039062
7 0.689844 0.141406 0.173437 0.032813
7 0.698438 0.203906 0.178125 0.032813
7 0.789844 0.554688 0.154688 0.037500
7 0.792188 0.816406 0.165625 0.032813
7 0.795312 0.756250 0.156250 0.025000
7 0.800000 0.604688 0.165625 0.040625
7 0.802344 0.667969 0.160938 0.032813
7 0.810156 0.417969 0.164062 0.039062
7 0.814844 0.344531 0.154688 0.039062
7 0.842187 0.281250 0.168750 0.034375
7 0.850781 0.869531 0.126562 0.023438
7 0.878906 0.926562 0.129688 0.031250
7 0.879687 0.482812 0.137500 0.034375