7 0.107031 0.775781 0.157812 0.032813
7 0.132812 0.297656 0.131250 0.032813
7 0.133594 0.643750 0.189062 0.034375
7 0.134375 0.451562 0.137500 0.034375
7 0.138281 0.191406 0.135937 0.029687
7 0.144531 0.246875 0.160938 0.034375
7 0.145313 0.124219 0.156250 0.032813
7 0.146094 0.082031 0.145313 0.029687
7 0.146094 0.894531 0.160938 0.032813
7 0.146875 0.389844 0.162500 0.035937
7 0.146875 0.840625 0.168750 0.031250
7 0.148438 0.950000 0.168750 0.034375
7 0.158594 0.340625 0.185938 0.037500
7 0.367188 0.943750 0.168750 0.034375
7 0.401562 0.760156 0.162500 0.035937
7 0.406250 0.829688 0.184375 0.037500
7 0.412500 0.702344 0.171875 0.032813
7 0.417969 0.400781 0.139063 0.023438
7 0.418750 0.633594 0.162500 0.023438
7 0.423438 0.070312 0.165625 0.031250
7 0.423438 0.182031 0.171875 0.032813
7 0.425781 0.345313 0.154688 0.031250
7 0.427344 0.449219 0.148438 0.029687
7 0.432031 0.125000 0.189062 0.037500
7 0.433594 0.240625 0.170313 0.034375
7 0.646094 0.935937 0.164062 0.031250
7 0.655469 0.753125 0.151562 0.031250
7 0.665625 0.693750 0.150000 0.025000
7 0.666406 0.814063 0.170313 0.028125
7 0.677344 0.264062 0.157812 0.037500
7 0.692187 0.217969 0.128125 0.023438
7 0.703125 0.334375 0.162500 0.025000
7 0.703906 0.165625 0.154688 0.025000
7 0.716406 0.441406 0.185938 0.039062
7 0.717969 0.385156 0.182812 0.032813
7 0.722656 0.503125 0.195312 0.031250