9 0.203906 0.739062 0.179688 0.031250
9 0.232813 0.853906 0.237500 0.032813
9 0.233594 0.909375 0.229687 0.040625
9 0.235156 0.795312 0.251563 0.046875
9 0.264844 0.071875 0.357812 0.040625
9 0.268750 0.138281 0.353125 0.042188
9 0.273438 0.197656 0.340625 0.042188
9 0.278125 0.260156 0.346875 0.042188
9 0.280469 0.321875 0.351562 0.043750
9 0.285156 0.389844 0.357812 0.045312
9 0.285938 0.453125 0.353125 0.050000
9 0.294531 0.521875 0.354687 0.050000
9 0.300781 0.578906 0.360938 0.054688
9 0.307031 0.650000 0.360938 0.050000
9 0.496875 0.902344 0.225000 0.035937
9 0.521094 0.846094 0.251563 0.035937
9 0.521875 0.707812 0.312500 0.056250
9 0.527344 0.774219 0.235937 0.051562
9 0.685156 0.246094 0.339062 0.039062
9 0.685937 0.066406 0.331250 0.045312
9 0.690625 0.305469 0.346875 0.054688
9 0.691406 0.131250 0.339062 0.050000
9 0.691406 0.372656 0.345313 0.051562
9 0.692187 0.185156 0.340625 0.045312
9 0.695312 0.439844 0.356250 0.054688
9 0.704688 0.508594 0.353125 0.057813
9 0.708594 0.627344 0.348438 0.045312
9 0.715625 0.564844 0.359375 0.045312
9 0.773438 0.895312 0.193750 0.025000
9 0.790625 0.835938 0.203125 0.031250
9 0.801562 0.762500 0.218750 0.034375
9 0.824219 0.689063 0.217188 0.031250