2 0.133594 0.688281 0.148438 0.048438
2 0.139063 0.525000 0.200000 0.068750
2 0.142969 0.371875 0.167187 0.040625
2 0.142969 0.603906 0.145313 0.035937
2 0.147656 0.080469 0.182812 0.039062
2 0.156250 0.269531 0.193750 0.048438
2 0.160156 0.169531 0.176563 0.051562
2 0.172656 0.767188 0.204687 0.053125
2 0.182031 0.449219 0.245312 0.054688
2 0.182812 0.943750 0.215625 0.053125
2 0.185938 0.867969 0.250000 0.064062
2 0.410156 0.592187 0.145313 0.028125
2 0.413281 0.444531 0.145313 0.042188
2 0.417969 0.514062 0.167187 0.059375
2 0.424219 0.669531 0.142187 0.042188
2 0.464844 0.752344 0.195312 0.045312
2 0.483594 0.925000 0.214062 0.059375
2 0.487500 0.354687 0.212500 0.040625
2 0.489063 0.845313 0.196875 0.046875
2 0.496094 0.255469 0.223438 0.051562
2 0.499219 0.172656 0.204687 0.054688
2 0.525000 0.075000 0.221875 0.046875
2 0.714063 0.441406 0.190625 0.039062
2 0.719531 0.507031 0.170313 0.054688
2 0.725000 0.921094 0.168750 0.045312
2 0.736719 0.840625 0.164062 0.046875
2 0.749219 0.660937 0.185938 0.037500
2 0.750000 0.603125 0.184375 0.037500
2 0.757812 0.744531 0.225000 0.051562
2 0.774219 0.293750 0.192188 0.043750
2 0.778125 0.366406 0.215625 0.057813
2 0.785937 0.078125 0.171875 0.043750
2 0.785937 0.227344 0.206250 0.039062
2 0.789062 0.148438 0.190625 0.046875