8 0.129688 0.032031 0.165625 0.026562
8 0.134375 0.086719 0.165625 0.026562
8 0.143750 0.146094 0.178125 0.032813
8 0.202344 0.200781 0.301563 0.039062
8 0.210938 0.274219 0.337500 0.039062
8 0.220312 0.353906 0.356250 0.048438
8 0.232813 0.423438 0.375000 0.056250
8 0.246094 0.493750 0.398438 0.053125
8 0.250781 0.560937 0.401562 0.050000
8 0.267188 0.636719 0.431250 0.067187
8 0.277344 0.723437 0.451562 0.068750
8 0.292969 0.810156 0.470313 0.085938
8 0.310156 0.907031 0.504687 0.064062
8 0.521094 0.046875 0.170313 0.034375
8 0.537500 0.095312 0.171875 0.031250
8 0.656250 0.142187 0.381250 0.034375
8 0.675781 0.192188 0.392188 0.050000
8 0.678125 0.257812 0.418750 0.056250
8 0.684375 0.334375 0.425000 0.056250
8 0.694531 0.397656 0.407813 0.060937
8 0.698438 0.469531 0.409375 0.070312
8 0.726562 0.532813 0.421875 0.065625
8 0.753125 0.601562 0.406250 0.075000
8 0.755469 0.685937 0.410938 0.071875
8 0.770312 0.770312 0.381250 0.065625
8 0.790625 0.879687 0.365625 0.068750