4 0.099219 0.627344 0.076563 0.020313
4 0.100000 0.814063 0.084375 0.031250
4 0.103125 0.496094 0.103125 0.029687
4 0.103125 0.759375 0.081250 0.018750
4 0.103906 0.335938 0.098437 0.031250
4 0.103906 0.563281 0.082812 0.023438
4 0.105469 0.864062 0.079687 0.025000
4 0.106250 0.696094 0.090625 0.026562
4 0.110156 0.427344 0.092188 0.032813
4 0.124219 0.257812 0.135937 0.034375
4 0.135156 0.089844 0.114062 0.032813
4 0.139063 0.168750 0.137500 0.040625
4 0.289844 0.919531 0.101562 0.026562
4 0.308594 0.860938 0.107813 0.040625
4 0.314844 0.799219 0.089063 0.026562
4 0.328125 0.739844 0.100000 0.035937
4 0.345313 0.604688 0.100000 0.034375
4 0.346875 0.676562 0.093750 0.034375
4 0.349219 0.243750 0.117188 0.043750
4 0.363281 0.542969 0.085938 0.026562
4 0.364063 0.297656 0.087500 0.026562
4 0.374219 0.160156 0.126562 0.048438
4 0.375000 0.485156 0.103125 0.032813
4 0.378906 0.365625 0.098437 0.031250
4 0.382031 0.421094 0.092188 0.035937
4 0.403125 0.082812 0.134375 0.043750
4 0.571875 0.917188 0.090625 0.025000
4 0.582031 0.864844 0.089063 0.023438
4 0.582812 0.746875 0.090625 0.043750
4 0.585938 0.810156 0.100000 0.042188
4 0.587500 0.151562 0.118750 0.034375
4 0.588281 0.218750 0.098437 0.034375
4 0.596094 0.677344 0.085938 0.042188
4 0.598437 0.350781 0.100000 0.042188
4 0.598437 0.605469 0.075000 0.026562
4 0.600781 0.288281 0.089063 0.026562
4 0.607031 0.062500 0.114062 0.037500
4 0.611719 0.415625 0.095312 0.037500
4 0.625781 0.540625 0.082812 0.028125
4 0.628125 0.481250 0.090625 0.028125
4 0.731250 0.741406 0.103125 0.026562
4 0.740625 0.671875 0.103125 0.034375
4 0.746094 0.803125 0.092188 0.028125
4 0.746875 0.598437 0.100000 0.031250
4 0.748437 0.916406 0.078125 0.026562
4 0.763281 0.474219 0.095312 0.045312
4 0.767969 0.866406 0.129688 0.035937
4 0.770312 0.287500 0.109375 0.037500
4 0.771875 0.525000 0.090625 0.037500
4 0.780469 0.407031 0.114062 0.035937
4 0.781250 0.214062 0.128125 0.046875
4 0.785156 0.137500 0.110937 0.040625
4 0.788281 0.340625 0.126562 0.025000
4 0.815625 0.065625 0.118750 0.040625