0 0.125781 0.303125 0.082812 0.053125
0 0.128125 0.140625 0.115625 0.050000
0 0.139844 0.401562 0.135937 0.050000
0 0.142969 0.477344 0.139063 0.048438
0 0.143750 0.208594 0.140625 0.045312
0 0.144531 0.803906 0.151562 0.045312
0 0.146094 0.550781 0.164062 0.048438
0 0.150781 0.722656 0.167187 0.057813
0 0.154688 0.640625 0.178125 0.050000
0 0.168750 0.932813 0.153125 0.046875
0 0.182031 0.870313 0.226562 0.043750
0 0.223438 0.063281 0.303125 0.054688
0 0.257031 0.137500 0.085938 0.040625
0 0.273438 0.294531 0.093750 0.051562
0 0.305469 0.396094 0.126562 0.045312
0 0.325781 0.466406 0.154688 0.045312
0 0.335938 0.203906 0.168750 0.048438
0 0.339062 0.538281 0.146875 0.045312
0 0.341406 0.921875 0.114062 0.040625
0 0.350000 0.791406 0.181250 0.051562
0 0.379688 0.629687 0.168750 0.059375
0 0.392188 0.132031 0.143750 0.039062
0 0.413281 0.710938 0.264062 0.043750
0 0.426563 0.290625 0.081250 0.050000
0 0.446094 0.859375 0.204687 0.037500
0 0.460938 0.387500 0.118750 0.040625
0 0.496875 0.928906 0.131250 0.054688
0 0.509375 0.532031 0.121875 0.045312
0 0.514844 0.461719 0.145313 0.045312
0 0.525000 0.199219 0.134375 0.039062
0 0.529687 0.064062 0.196875 0.050000
0 0.568750 0.285938 0.068750 0.050000
0 0.582031 0.129688 0.173437 0.040625
0 0.584375 0.790625 0.168750 0.050000
0 0.609375 0.620313 0.184375 0.046875
0 0.626563 0.380469 0.131250 0.045312
0 0.665625 0.926562 0.146875 0.050000
0 0.666406 0.528125 0.126562 0.040625
0 0.675000 0.709375 0.212500 0.046875
0 0.675000 0.860156 0.168750 0.048438
0 0.696094 0.286719 0.089063 0.051562
0 0.714844 0.453125 0.154688 0.043750
0 0.733594 0.200781 0.170313 0.045312
0 0.775781 0.785156 0.164062 0.042188
0 0.785156 0.127344 0.160938 0.039062
0 0.787500 0.061719 0.237500 0.048438
0 0.794531 0.616406 0.151562 0.042188
0 0.795312 0.372656 0.134375 0.045312
0 0.813281 0.518750 0.110937 0.037500
0 0.821094 0.279687 0.079687 0.046875
0 0.831250 0.922656 0.137500 0.045312
0 0.844531 0.703125 0.095312 0.040625
0 0.857812 0.857812 0.131250 0.046875
0 0.860938 0.449219 0.081250 0.045312
0 0.888281 0.197656 0.107813 0.042188