1 0.203125 0.060156 0.256250 0.023438
1 0.210938 0.102344 0.259375 0.029687
1 0.215625 0.142187 0.262500 0.028125
1 0.217188 0.177344 0.259375 0.029687
1 0.225000 0.213281 0.271875 0.032813
1 0.230469 0.248438 0.276562 0.034375
1 0.232813 0.282031 0.275000 0.039062
1 0.241406 0.318750 0.295312 0.037500
1 0.241406 0.359375 0.282813 0.037500
1 0.252344 0.392188 0.295312 0.028125
1 0.275000 0.528125 0.306250 0.040625
1 0.276562 0.571094 0.296875 0.035937
1 0.292969 0.631250 0.320312 0.043750
1 0.546094 0.034375 0.264062 0.034375
1 0.559375 0.083594 0.296875 0.042188
1 0.577344 0.139063 0.304688 0.046875
1 0.587500 0.204687 0.303125 0.040625
1 0.660937 0.516406 0.315625 0.054688
1 0.684375 0.616406 0.293750 0.051562