0 0.136719 0.585938 0.139063 0.056250
0 0.191406 0.382812 0.095312 0.056250
0 0.192969 0.704688 0.142187 0.081250
0 0.193750 0.059375 0.140625 0.059375
0 0.217188 0.845313 0.256250 0.059375
0 0.264844 0.312500 0.248438 0.059375
0 0.267188 0.161719 0.137500 0.057813
0 0.303125 0.475000 0.215625 0.090625
0 0.371094 0.056250 0.139063 0.081250
0 0.408594 0.619531 0.217188 0.051562
0 0.438281 0.759375 0.135937 0.075000
0 0.460156 0.211719 0.139063 0.057813
0 0.526563 0.387500 0.293750 0.056250
0 0.535937 0.120313 0.137500 0.062500
0 0.589063 0.481250 0.215625 0.046875
0 0.615625 0.306250 0.293750 0.059375
0 0.642969 0.642969 0.160938 0.085938
0 0.667188 0.031250 0.218750 0.050000
0 0.671875 0.561719 0.134375 0.073438
0 0.676562 0.196875 0.215625 0.059375
0 0.710156 0.733594 0.245312 0.076563
0 0.789062 0.404687 0.168750 0.056250
0 0.832812 0.103125 0.221875 0.053125
0 0.844531 0.500781 0.214062 0.085938
0 0.845313 0.616406 0.162500 0.057813