3 0.150000 0.942187 0.118750 0.100000
3 0.163281 0.523438 0.151562 0.078125
3 0.200000 0.388281 0.281250 0.132812
3 0.207031 0.107031 0.270313 0.082812
3 0.208594 0.236719 0.276562 0.126562
3 0.216406 0.847656 0.254688 0.076563
3 0.239063 0.738281 0.290625 0.101562
3 0.248438 0.617188 0.287500 0.115625
3 0.309375 0.947656 0.118750 0.085938
3 0.531250 0.447656 0.121875 0.089063
3 0.555469 0.945312 0.217188 0.075000
3 0.560937 0.836719 0.306250 0.095312
3 0.589844 0.214062 0.229687 0.103125
3 0.595313 0.339844 0.250000 0.101562
3 0.604688 0.082031 0.278125 0.117188
3 0.609375 0.690625 0.315625 0.115625
3 0.634375 0.581250 0.334375 0.115625
3 0.839063 0.872656 0.175000 0.104688
3 0.875781 0.741406 0.145313 0.110937
3 0.878125 0.106250 0.159375 0.153125
3 0.879687 0.289062 0.178125 0.146875
3 0.901563 0.604688 0.140625 0.115625