9 0.143750 0.654687 0.168750 0.043750
9 0.198437 0.524219 0.265625 0.042188
9 0.207813 0.059375 0.303125 0.053125
9 0.210156 0.453906 0.292187 0.051562
9 0.217969 0.136719 0.326562 0.073438
9 0.222656 0.946875 0.279687 0.034375
9 0.225000 0.778125 0.328125 0.062500
9 0.225781 0.400000 0.345313 0.056250
9 0.226562 0.337500 0.350000 0.046875
9 0.236719 0.214844 0.354687 0.048438
9 0.241406 0.903906 0.367188 0.045312
9 0.246094 0.271875 0.404687 0.053125
9 0.246875 0.842969 0.371875 0.060937
9 0.271875 0.592969 0.431250 0.060937
9 0.274219 0.713281 0.392188 0.057813
9 0.378906 0.639062 0.204687 0.040625
9 0.558594 0.514062 0.332813 0.043750
9 0.559375 0.045312 0.343750 0.037500
9 0.568750 0.762500 0.281250 0.050000
9 0.571094 0.432812 0.314063 0.034375
9 0.572656 0.110937 0.273438 0.046875
9 0.601562 0.816406 0.262500 0.042188
9 0.610156 0.317188 0.335938 0.037500
9 0.613281 0.197656 0.289062 0.035937
9 0.621875 0.380469 0.371875 0.048438
9 0.625000 0.890625 0.303125 0.031250
9 0.640625 0.692969 0.262500 0.051562
9 0.645312 0.257031 0.337500 0.039062
9 0.664844 0.627344 0.257812 0.039062
9 0.677344 0.937500 0.370312 0.034375
9 0.685156 0.571094 0.292187 0.048438
9 0.832031 0.103125 0.189062 0.037500
9 0.832031 0.807031 0.148438 0.035937
9 0.832812 0.505469 0.175000 0.032813
9 0.838281 0.746875 0.192188 0.031250
9 0.843750 0.040625 0.178125 0.031250
9 0.845313 0.185938 0.143750 0.028125
9 0.847656 0.429688 0.179688 0.034375
9 0.860156 0.688281 0.135937 0.039062
9 0.873437 0.308594 0.162500 0.032813
9 0.886719 0.371094 0.120313 0.026562