3 0.145313 0.940625 0.125000 0.103125
3 0.158594 0.523438 0.151562 0.081250
3 0.200000 0.389062 0.284375 0.131250
3 0.204687 0.106250 0.271875 0.084375
3 0.207813 0.237500 0.278125 0.131250
3 0.215625 0.847656 0.256250 0.079687
3 0.236719 0.738281 0.289062 0.101562
3 0.247656 0.615625 0.285938 0.115625
3 0.307031 0.947656 0.114062 0.089063
3 0.530469 0.447656 0.126562 0.089063
3 0.550781 0.946094 0.220312 0.073438
3 0.557031 0.839063 0.307812 0.093750
3 0.588281 0.213281 0.229687 0.101562
3 0.592969 0.338281 0.248438 0.098437
3 0.604688 0.080469 0.281250 0.117188
3 0.606250 0.689844 0.318750 0.117188
3 0.634375 0.580469 0.334375 0.114062
3 0.839844 0.872656 0.173437 0.104688
3 0.873437 0.441406 0.153125 0.117188
3 0.873437 0.741406 0.146875 0.110937
3 0.875000 0.108594 0.168750 0.164062
3 0.878906 0.289062 0.182812 0.146875
3 0.900000 0.606250 0.143750 0.118750