3 0.192188 0.226562 0.190625 0.171875
3 0.195312 0.051562 0.121875 0.096875
3 0.207031 0.654687 0.273438 0.250000
3 0.314063 0.846875 0.250000 0.121875
3 0.346875 0.453906 0.531250 0.114062
3 0.430469 0.096875 0.164062 0.184375
3 0.471094 0.696094 0.123438 0.126562
3 0.564844 0.588281 0.273438 0.067187
3 0.581250 0.302344 0.528125 0.170313
3 0.634375 0.705469 0.081250 0.057813
3 0.640625 0.102344 0.228125 0.185938
3 0.710156 0.778906 0.264062 0.057813
3 0.782031 0.514844 0.123438 0.248438
3 0.859375 0.082812 0.178125 0.150000