2 0.806208 0.449011 0.063119 0.067638
2 0.133803 0.762227 0.062076 0.063476
6 0.581116 0.160250 0.428795 0.033299
6 0.193271 0.975026 0.370892 0.029136
6 0.488002 0.385016 0.268649 0.035380
6 0.160668 0.950052 0.307773 0.029136
4 0.490089 0.418314 0.273865 0.027055
4 0.478612 0.481790 0.251956 0.027055
4 0.466875 0.507804 0.228482 0.029136
4 0.703965 0.690427 0.086072 0.046826
4 0.728482 0.287721 0.082942 0.042664
4 0.136150 0.206035 0.062598 0.052029
4 0.547992 0.289282 0.111111 0.029136
4 0.547992 0.854318 0.111111 0.029136
4 0.141888 0.612383 0.070944 0.040583
4 0.728482 0.343913 0.095462 0.028096
4 0.143975 0.691988 0.078247 0.033299
4 0.137194 0.850156 0.064684 0.039542
4 0.728482 0.316337 0.097548 0.022893
4 0.130151 0.532778 0.045383 0.039542
4 0.729264 0.372529 0.075117 0.022893
4 0.828378 0.257024 0.043818 0.037461
4 0.157016 0.298127 0.051122 0.026015
4 0.753521 0.436004 0.022431 0.037461
4 0.796557 0.834027 0.026082 0.030177
4 0.978612 0.580645 0.021909 0.035380
4 0.548252 0.311655 0.029212 0.023933
4 0.548252 0.876691 0.029212 0.023933
4 0.142149 0.377211 0.023474 0.026015
4 0.139280 0.454214 0.021909 0.021852
4 0.114502 0.445369 0.013041 0.022893
4 0.129108 0.505723 0.014085 0.018730
