9 0.597593 0.814678 0.226060 0.051742
9 0.564103 0.671595 0.158032 0.057022
9 0.626897 0.477825 0.158032 0.053854
0 0.731293 0.973073 0.238095 0.041183
0 0.284406 0.347413 0.309262 0.029567
3 0.704605 0.604541 0.409733 0.624076
6 0.175563 0.959873 0.326007 0.029567
6 0.186552 0.988384 0.345892 0.023231
6 0.273679 0.734952 0.286761 0.023231
5 0.169021 0.192714 0.182104 0.034847
5 0.159864 0.256600 0.165882 0.029567
6 0.613030 0.832101 0.119833 0.023231
5 0.156724 0.316262 0.052852 0.020063
5 0.156724 0.446146 0.052852 0.020063
5 0.529304 0.832629 0.043433 0.022175
4 0.302198 0.477297 0.344846 0.029567
4 0.296442 0.866948 0.333333 0.029567
4 0.296442 0.607181 0.332287 0.029567
4 0.804291 0.487856 0.184197 0.040127
4 0.592622 0.755016 0.169021 0.035903
4 0.794610 0.383316 0.166928 0.031679
4 0.580324 0.702218 0.145474 0.035903
4 0.793302 0.518479 0.164312 0.031679
4 0.583203 0.602429 0.151230 0.032735
4 0.597331 0.629884 0.179487 0.026399
4 0.593668 0.781415 0.171115 0.027455
4 0.798012 0.830517 0.171638 0.026399
4 0.782575 0.623020 0.141811 0.031679
4 0.586866 0.253960 0.180534 0.024287
4 0.220304 0.891763 0.180010 0.024287
4 0.582941 0.728617 0.149660 0.027455
4 0.635269 0.407075 0.128728 0.028511
4 0.538462 0.196938 0.082679 0.043295
4 0.635269 0.439282 0.128728 0.027455
4 0.188906 0.504752 0.118263 0.029567
4 0.773679 0.724921 0.124019 0.026399
4 0.755102 0.863252 0.085819 0.030623
4 0.550759 0.564942 0.086342 0.029567
4 0.178441 0.762408 0.097331 0.023231
4 0.741235 0.355333 0.060178 0.026399
4 0.736002 0.805174 0.049712 0.026399
4 0.735217 0.594509 0.049189 0.025343
4 0.735479 0.699578 0.046572 0.026399
4 0.733124 0.459873 0.045003 0.026399
4 0.462323 0.837909 0.047619 0.024287
4 0.462585 0.708025 0.047096 0.024287
4 0.464678 0.318374 0.042909 0.024287
4 0.464678 0.448258 0.042909 0.024287
4 0.464678 0.578141 0.042909 0.024287
4 0.547357 0.329461 0.054422 0.019007
4 0.533229 0.488912 0.034537 0.023231
4 0.092622 0.145195 0.037677 0.020063
4 0.539770 0.316790 0.038200 0.016895
4 0.534014 0.403379 0.020408 0.023231
4 0.139194 0.576030 0.017792 0.020063
4 0.139194 0.705913 0.017792 0.020063
4 0.560963 0.351637 0.023025 0.014784
4 0.138671 0.835797 0.016745 0.020063
