9 0.385662 0.229785 0.166405 0.052201
9 0.158032 0.939611 0.173731 0.049130
0 0.660649 0.222108 0.039246 0.024565
3 0.825746 0.482088 0.218734 0.333675
5 0.508373 0.948823 0.341706 0.026612
6 0.508634 0.983623 0.341183 0.024565
5 0.764521 0.472876 0.079540 0.040942
5 0.168237 0.854145 0.148090 0.021494
5 0.415228 0.149437 0.099948 0.020471
5 0.792779 0.149949 0.049189 0.019447
5 0.101779 0.149437 0.032967 0.020471
4 0.469911 0.428864 0.295133 0.036847
4 0.482208 0.573695 0.287284 0.033777
4 0.508634 0.912999 0.342229 0.026612
4 0.484301 0.713408 0.291470 0.026612
4 0.452381 0.388434 0.260073 0.029683
4 0.791732 0.633060 0.133961 0.039918
4 0.783359 0.579324 0.117216 0.040942
4 0.186552 0.910440 0.184720 0.023541
4 0.774202 0.419140 0.098901 0.039918
4 0.184720 0.411975 0.181057 0.021494
4 0.184458 0.511259 0.180534 0.021494
4 0.183935 0.566530 0.179487 0.021494
4 0.174516 0.434493 0.160649 0.021494
4 0.172684 0.832651 0.156986 0.021494
4 0.165097 0.699591 0.142857 0.021494
4 0.165097 0.589048 0.141811 0.021494
4 0.394035 0.758444 0.111983 0.026612
4 0.161957 0.754862 0.135531 0.021494
4 0.799843 0.528147 0.110413 0.022518
4 0.675039 0.150972 0.087912 0.023541
4 0.133176 0.777380 0.080063 0.021494
4 0.384877 0.602354 0.061224 0.027636
4 0.371795 0.803480 0.068550 0.022518
4 0.127420 0.644319 0.066457 0.021494
4 0.363161 0.665814 0.050235 0.027636
4 0.548142 0.149437 0.067504 0.020471
4 0.195971 0.150972 0.057038 0.023541
4 0.116170 0.457523 0.045003 0.024565
4 0.294872 0.150972 0.041340 0.023541
4 0.887755 0.149437 0.042386 0.020471
4 0.354788 0.863357 0.033490 0.023541
4 0.736264 0.526100 0.018838 0.032753
4 0.294610 0.418628 0.017792 0.030706
4 0.294610 0.517912 0.017792 0.030706
4 0.294610 0.573183 0.017792 0.030706
4 0.294610 0.916070 0.017792 0.030706
4 0.147567 0.224667 0.016745 0.019447
