9 0.689980 0.438755 0.282448 0.072289
9 0.195696 0.422691 0.314728 0.048193
9 0.106254 0.489458 0.135844 0.049197
0 0.345326 0.220382 0.066577 0.025100
3 0.515804 0.518574 0.968393 0.458835
6 0.639543 0.800703 0.458642 0.027108
6 0.736046 0.529116 0.327505 0.022088
6 0.702421 0.554217 0.260256 0.022088
6 0.165770 0.377510 0.195696 0.022088
5 0.532616 0.220382 0.065905 0.025100
5 0.048083 0.218373 0.031607 0.021084
6 0.473100 0.968373 0.015467 0.013052
4 0.744788 0.478916 0.324815 0.032129
4 0.691661 0.338855 0.237391 0.027108
4 0.199395 0.602410 0.265636 0.022088
4 0.198050 0.554217 0.262946 0.022088
4 0.924008 0.159639 0.151984 0.022088
4 0.197041 0.896084 0.098184 0.033133
4 0.306321 0.338855 0.113652 0.027108
4 0.233692 0.220382 0.114997 0.025100
4 0.121049 0.577811 0.107599 0.025100
4 0.117014 0.626004 0.099529 0.025100
4 0.491258 0.912149 0.085407 0.029116
4 0.112643 0.143072 0.094822 0.023092
4 0.785810 0.906124 0.098857 0.021084
4 0.659045 0.384538 0.090114 0.020080
4 0.103564 0.165663 0.076664 0.022088
4 0.434768 0.218373 0.070612 0.021084
4 0.096167 0.439257 0.057835 0.025100
4 0.491258 0.864960 0.034297 0.041165
4 0.123403 0.218373 0.063887 0.021084
4 0.420646 0.597892 0.042367 0.025100
4 0.420646 0.550201 0.042367 0.024096
4 0.471419 0.597892 0.039005 0.025100
4 0.471755 0.550201 0.038332 0.024096
4 0.763618 0.882530 0.030262 0.028112
4 0.046066 0.990462 0.043712 0.019076
4 0.520511 0.171687 0.022865 0.036145
4 0.809348 0.882530 0.027572 0.028112
4 0.990249 0.221386 0.019502 0.025100
4 0.740081 0.991466 0.027572 0.017068
4 0.617687 0.170683 0.028917 0.016064
4 0.370208 0.426205 0.023537 0.019076
4 0.798588 0.923193 0.027572 0.015060
4 0.645595 0.170683 0.020175 0.014056
