9 0.047731 0.743428 0.095462 0.050473
5 0.248305 0.863302 0.150235 0.027340
5 0.054512 0.863302 0.091288 0.027340
5 0.388106 0.861199 0.102243 0.023134
5 0.410537 0.593060 0.071987 0.023134
5 0.491654 0.593586 0.051643 0.022082
5 0.749087 0.593060 0.045905 0.023134
5 0.033646 0.593060 0.045383 0.023134
5 0.521127 0.766562 0.040689 0.023134
5 0.026082 0.664564 0.034429 0.025237
5 0.555816 0.593586 0.038080 0.022082
4 0.076943 0.800210 0.137194 0.027340
4 0.556338 0.666141 0.110068 0.030494
4 0.068858 0.831756 0.121022 0.027340
4 0.882629 0.666141 0.107460 0.030494
4 0.390193 0.768665 0.106416 0.027340
4 0.116328 0.345952 0.121022 0.023134
4 0.202921 0.595689 0.102243 0.026288
4 0.886281 0.937434 0.063641 0.034700
4 0.268127 0.345952 0.091810 0.023134
4 0.374283 0.705573 0.074596 0.027340
4 0.373239 0.894848 0.072509 0.027340
4 0.572248 0.345952 0.082420 0.023134
4 0.314554 0.593060 0.081377 0.023134
4 0.699531 0.768665 0.068858 0.027340
4 0.047731 0.766562 0.077726 0.023134
4 0.047209 0.703470 0.076682 0.023134
4 0.702660 0.735542 0.075117 0.022082
4 0.537298 0.271293 0.029212 0.054679
4 0.420188 0.345952 0.067293 0.023134
4 0.042514 0.892744 0.067293 0.023134
4 0.533907 0.735016 0.066249 0.023134
4 0.364632 0.926393 0.055295 0.027340
4 0.268127 0.375394 0.062598 0.023134
4 0.723787 0.345952 0.059990 0.023134
4 0.875848 0.345952 0.057381 0.023134
4 0.201878 0.798107 0.057381 0.023134
4 0.104069 0.593060 0.056860 0.023134
4 0.693532 0.829653 0.055816 0.023134
4 0.200835 0.829653 0.055295 0.023134
4 0.201878 0.735542 0.057381 0.022082
4 0.693532 0.798633 0.056860 0.022082
4 0.360720 0.664038 0.047470 0.026288
4 0.692749 0.703996 0.055295 0.022082
4 0.689619 0.664564 0.047992 0.025237
4 0.854721 0.703470 0.050600 0.023134
4 0.615545 0.595163 0.042775 0.027340
4 0.681794 0.593060 0.050078 0.023134
4 0.521388 0.705573 0.040167 0.027340
4 0.967397 0.601998 0.023474 0.043113
4 0.194575 0.703996 0.044862 0.022082
4 0.851330 0.735016 0.042775 0.023134
4 0.029734 0.924816 0.041732 0.022082
4 0.823944 0.977918 0.020344 0.044164
4 0.352895 0.831756 0.031821 0.027340
4 0.967919 0.521030 0.038080 0.022082
4 0.967658 0.643007 0.030256 0.026288
4 0.874544 0.259727 0.021388 0.033649
4 0.710746 0.260778 0.023474 0.029443
4 0.351852 0.798107 0.029734 0.023134
4 0.352374 0.735542 0.030777 0.022082
4 0.188315 0.767087 0.030256 0.022082
4 0.967919 0.545216 0.028691 0.022082
4 0.967658 0.665615 0.027126 0.023134
4 0.920188 0.982124 0.023996 0.025237
4 0.183881 0.664564 0.022431 0.025237
4 0.756912 0.264984 0.015649 0.021030
