9 0.195097 0.593684 0.176317 0.061053
9 0.092332 0.470526 0.093897 0.050526
9 0.137715 0.614737 0.093897 0.050526
2 0.434272 0.423684 0.105895 0.108421
3 0.194053 0.576842 0.236828 0.164211
6 0.751956 0.894737 0.338550 0.035789
5 0.554251 0.464737 0.097548 0.034737
5 0.401148 0.664737 0.076161 0.034737
5 0.540428 0.515789 0.069901 0.035789
5 0.392801 0.565789 0.059468 0.036842
5 0.403234 0.715263 0.080334 0.026316
5 0.539124 0.664737 0.067293 0.026316
5 0.390454 0.513158 0.054773 0.022105
5 0.530256 0.562632 0.049557 0.022105
5 0.379238 0.613684 0.032342 0.023158
4 0.195097 0.520526 0.230569 0.034737
4 0.496870 0.957368 0.189358 0.034737
4 0.567032 0.615263 0.123109 0.034737
4 0.557642 0.716316 0.104330 0.036842
4 0.495827 0.987368 0.144497 0.025263
4 0.693010 0.565789 0.090245 0.036842
4 0.122848 0.351579 0.103808 0.031579
4 0.704747 0.464737 0.113719 0.026316
4 0.682316 0.515789 0.068858 0.035789
4 0.194314 0.542632 0.083985 0.026316
4 0.673187 0.615263 0.050600 0.034737
4 0.858633 0.679474 0.038602 0.036842
4 0.529995 0.221053 0.056338 0.021053
4 0.860459 0.720000 0.034950 0.033684
4 0.827856 0.220000 0.050078 0.023158
4 0.664580 0.664737 0.033385 0.026316
4 0.095983 0.214737 0.032342 0.023158
4 0.520083 0.762632 0.029212 0.022105
4 0.042775 0.214737 0.023996 0.023158
4 0.730569 0.152105 0.011998 0.034737
4 0.115284 0.150000 0.015649 0.017895
4 0.501043 0.190000 0.013041 0.017895
4 0.825248 0.598421 0.012520 0.013684
