2 0.514606 0.295143 0.068336 0.079197
2 0.520605 0.447730 0.065728 0.061246
6 0.497913 0.951954 0.627543 0.028511
6 0.315336 0.975185 0.505477 0.028511
6 0.857068 0.410771 0.136672 0.040127
6 0.280125 0.773495 0.133542 0.026399
6 0.857590 0.550158 0.086594 0.025343
4 0.205790 0.520591 0.246740 0.052798
4 0.527126 0.191130 0.298905 0.029567
4 0.899583 0.184266 0.160146 0.049630
4 0.857590 0.372228 0.142932 0.039071
4 0.519562 0.545407 0.103286 0.049630
4 0.519823 0.498944 0.102765 0.049630
4 0.857851 0.526927 0.150756 0.025343
4 0.576943 0.845829 0.146062 0.023231
4 0.119457 0.951954 0.113719 0.028511
4 0.230569 0.189018 0.115806 0.025343
4 0.455921 0.891235 0.114763 0.023231
4 0.889671 0.951954 0.073552 0.028511
4 0.292123 0.845829 0.089724 0.023231
4 0.255608 0.891235 0.087637 0.023231
4 0.570423 0.891235 0.082942 0.023231
4 0.333073 0.189018 0.074596 0.025343
4 0.398018 0.844245 0.090767 0.020063
4 0.703965 0.845829 0.076682 0.023231
4 0.667449 0.889652 0.080856 0.020063
4 0.518779 0.355333 0.039124 0.041183
4 0.348983 0.891235 0.067814 0.023231
4 0.733177 0.767159 0.024517 0.045407
4 0.750391 0.889652 0.054773 0.020063
4 0.857590 0.450898 0.054251 0.019007
4 0.704225 0.244456 0.031299 0.032735
4 0.105373 0.702218 0.019823 0.035903
4 0.963224 0.707497 0.018258 0.038015
4 0.972353 0.720697 0.017736 0.036959
4 0.719353 0.260296 0.014606 0.024287
4 0.968962 0.671067 0.013041 0.026399
4 0.960876 0.728089 0.013563 0.022175
4 0.974700 0.700634 0.013041 0.022175
