8 0.181698 0.220497 0.249473 0.028986
3 0.179852 0.653209 0.234177 0.219462
5 0.180116 0.581263 0.239979 0.030021
6 0.476530 0.658385 0.213608 0.028986
6 0.775316 0.631470 0.189873 0.028986
6 0.772416 0.553830 0.184072 0.028986
5 0.166139 0.608178 0.212025 0.023810
5 0.181435 0.254658 0.130802 0.028986
6 0.428797 0.756729 0.117089 0.028986
6 0.102321 0.752070 0.084388 0.036232
6 0.721255 0.737060 0.083861 0.028986
5 0.100211 0.454451 0.079114 0.026915
4 0.799578 0.708592 0.239451 0.030021
4 0.178797 0.724638 0.237342 0.028986
4 0.798259 0.602484 0.235759 0.028986
4 0.174314 0.638716 0.228376 0.028986
4 0.793776 0.680124 0.226793 0.028986
4 0.170622 0.695652 0.220992 0.028986
4 0.167985 0.553830 0.216772 0.028986
4 0.477584 0.708075 0.215717 0.028986
4 0.165348 0.667702 0.210443 0.028986
4 0.452268 0.456522 0.165084 0.035197
4 0.469937 0.630435 0.200422 0.028986
4 0.457015 0.580745 0.173523 0.028986
4 0.744198 0.456522 0.127637 0.035197
4 0.433808 0.548137 0.128165 0.030021
4 0.124209 0.520704 0.127110 0.028986
4 0.743935 0.520704 0.127110 0.028986
4 0.388449 0.481366 0.037447 0.028986
