2 0.615545 0.241902 0.110589 0.172414
2 0.523213 0.648380 0.089724 0.063741
2 0.157277 0.905956 0.041210 0.087774
4 0.495827 0.540230 0.242567 0.052247
4 0.359155 0.405956 0.178925 0.042842
4 0.807512 0.792059 0.127282 0.048067
4 0.357068 0.368339 0.140323 0.042842
4 0.622327 0.399687 0.159624 0.036573
4 0.088680 0.785266 0.117893 0.049112
4 0.537559 0.792059 0.087115 0.045977
4 0.798383 0.930512 0.062076 0.053292
4 0.622066 0.362591 0.075639 0.035528
4 0.574596 0.990596 0.136150 0.018809
4 0.809859 0.990596 0.130934 0.018809
4 0.163537 0.969697 0.032864 0.045977
4 0.789515 0.749739 0.026604 0.044932
4 0.617893 0.967607 0.055816 0.018809
4 0.273605 0.845873 0.025561 0.040752
4 0.285081 0.787356 0.033907 0.030303
4 0.035472 0.845873 0.025039 0.040752
4 0.294471 0.990596 0.053730 0.018809
4 0.051904 0.990596 0.043297 0.018809
4 0.492697 0.793626 0.015128 0.044932
4 0.167449 0.774295 0.016693 0.037618
4 0.365154 0.894462 0.017736 0.033438
4 0.272300 0.735110 0.025039 0.021944
4 0.266041 0.805643 0.022953 0.020899
4 0.331508 0.759666 0.016171 0.025078
4 0.653625 0.738767 0.012520 0.031348
4 0.728743 0.806165 0.016693 0.021944
4 0.052686 0.693312 0.019823 0.017764
4 0.333594 0.809822 0.019301 0.016719
4 0.225874 0.772727 0.014606 0.017764
4 0.612154 0.951933 0.015128 0.016719
4 0.296296 0.717868 0.013563 0.014629
