9 0.814621 0.234244 0.100261 0.050420
2 0.138381 0.756303 0.085640 0.056723
2 0.289034 0.491597 0.044386 0.096639
3 0.206789 0.506303 0.269452 0.342437
3 0.495039 0.490021 0.269452 0.309874
3 0.495039 0.817752 0.269452 0.309874
3 0.206789 0.842437 0.269452 0.264706
3 0.783290 0.642332 0.269452 0.192227
5 0.541253 0.228466 0.050653 0.024160
5 0.473107 0.228992 0.034465 0.023109
4 0.457441 0.466387 0.144125 0.039916
4 0.547520 0.786239 0.113316 0.040966
4 0.154047 0.438550 0.114883 0.038866
4 0.727415 0.614496 0.108616 0.039916
4 0.841253 0.867122 0.102350 0.040966
4 0.124021 0.247899 0.089295 0.044118
4 0.142037 0.811975 0.090862 0.039916
4 0.149086 0.149685 0.132115 0.026261
4 0.149608 0.849790 0.107050 0.029412
4 0.157702 0.383403 0.068930 0.039916
4 0.706266 0.420168 0.066319 0.039916
4 0.717232 0.651261 0.087206 0.029412
4 0.849869 0.905462 0.086162 0.029412
4 0.434987 0.501576 0.101305 0.024160
4 0.727154 0.231618 0.081984 0.028361
4 0.144909 0.474265 0.095561 0.024160
4 0.525065 0.698529 0.070496 0.029412
4 0.713577 0.455357 0.079896 0.024160
4 0.574413 0.823529 0.060574 0.029412
4 0.765013 0.149685 0.065796 0.026261
4 0.275718 0.858718 0.036554 0.045168
4 0.626371 0.228466 0.066319 0.024160
4 0.412533 0.418067 0.044909 0.033613
4 0.906789 0.150735 0.048564 0.026261
4 0.581723 0.847164 0.046997 0.024160
4 0.842559 0.150210 0.031854 0.033613
4 0.068146 0.239496 0.024543 0.037815
4 0.688773 0.358193 0.030287 0.029412
4 0.525326 0.725840 0.040731 0.018908
4 0.839426 0.788340 0.031854 0.022059
4 0.097911 0.227416 0.037076 0.015756
4 0.533159 0.748950 0.013577 0.037815
4 0.812010 0.148109 0.014621 0.021008
