9 0.535211 0.451207 0.219092 0.075551
9 0.151800 0.434418 0.244131 0.050367
9 0.082420 0.504197 0.105373 0.051417
0 0.844027 0.529906 0.066771 0.027282
0 0.267866 0.222980 0.051643 0.026233
2 0.844027 0.468520 0.136672 0.070304
3 0.152843 0.927072 0.218049 0.145855
3 0.839071 0.927072 0.217527 0.145855
6 0.706051 0.269675 0.512780 0.050367
6 0.496088 0.829486 0.355764 0.028332
6 0.570944 0.545645 0.254043 0.023085
6 0.544862 0.571878 0.201878 0.023085
6 0.128586 0.387198 0.151800 0.023085
4 0.577726 0.493179 0.251956 0.033578
4 0.536515 0.346800 0.184142 0.028332
4 0.154669 0.622246 0.206051 0.023085
4 0.153625 0.571878 0.203965 0.023085
4 0.740480 0.159496 0.165363 0.023085
4 0.609546 0.946485 0.076682 0.044071
4 0.152843 0.929171 0.076161 0.034627
4 0.237611 0.346800 0.088159 0.028332
4 0.181273 0.222980 0.089202 0.026233
4 0.093897 0.596537 0.083464 0.026233
4 0.090767 0.646905 0.077204 0.026233
4 0.381064 0.945960 0.066249 0.030430
4 0.838289 0.916579 0.081377 0.022036
4 0.511215 0.394544 0.069901 0.020986
4 0.080595 0.165792 0.059990 0.023085
4 0.786385 0.224029 0.051643 0.026233
4 0.337246 0.220881 0.054773 0.022036
4 0.074596 0.451731 0.044862 0.026233
4 0.381064 0.896642 0.026604 0.043022
4 0.095722 0.220881 0.049557 0.022036
4 0.838811 0.897167 0.057381 0.018888
4 0.398539 0.222980 0.026082 0.034627
4 0.326291 0.617524 0.032864 0.026233
4 0.326291 0.567681 0.032864 0.025184
4 0.840376 0.935992 0.038602 0.020986
4 0.365676 0.617524 0.030256 0.026233
4 0.365936 0.567681 0.029734 0.025184
4 0.592332 0.915005 0.023474 0.029381
4 0.403756 0.172088 0.017736 0.037775
4 0.627804 0.915005 0.021388 0.029381
4 0.481221 0.171563 0.031821 0.017838
4 0.033646 0.220881 0.017214 0.022036
4 0.287167 0.438090 0.018258 0.019937
4 0.431142 0.222455 0.015128 0.018888
4 0.588941 0.967996 0.012520 0.015740
