2 0.404278 0.968944 0.018779 0.062112
2 0.587898 0.968944 0.017736 0.062112
5 0.824465 0.343685 0.047470 0.020704
4 0.496088 0.851967 0.366197 0.033126
4 0.496088 0.885093 0.364111 0.033126
4 0.496870 0.783126 0.295775 0.038302
4 0.152843 0.345238 0.103286 0.025880
4 0.286646 0.165114 0.091288 0.025880
4 0.823944 0.320393 0.099635 0.021739
4 0.152582 0.320393 0.083985 0.021739
4 0.689880 0.322981 0.070423 0.024845
4 0.555816 0.322464 0.066249 0.025880
4 0.152321 0.165114 0.060511 0.025880
4 0.152321 0.187888 0.056338 0.025880
4 0.420970 0.163043 0.059468 0.021739
4 0.421231 0.271222 0.030777 0.041408
4 0.824204 0.163561 0.059468 0.020704
4 0.555556 0.163043 0.056338 0.021739
4 0.689619 0.163043 0.055295 0.021739
4 0.421492 0.320393 0.055295 0.021739
4 0.824204 0.187888 0.039645 0.025880
4 0.420970 0.345238 0.039645 0.025880
4 0.555556 0.185818 0.044862 0.021739
4 0.286907 0.187888 0.034429 0.025880
4 0.286907 0.320393 0.039645 0.021739
4 0.555816 0.343168 0.034950 0.021739
