9 0.812764 0.205298 0.101266 0.052980
2 0.640823 0.753311 0.104430 0.062914
2 0.843882 0.448675 0.095992 0.065121
2 0.438555 0.449227 0.087025 0.059603
5 0.536656 0.199227 0.051160 0.025386
5 0.467827 0.199779 0.034810 0.024283
4 0.141086 0.549117 0.188291 0.051876
4 0.844409 0.754415 0.102321 0.043046
4 0.115243 0.219647 0.090190 0.046358
4 0.452004 0.602097 0.099156 0.040839
4 0.435918 0.737307 0.091245 0.037528
4 0.639768 0.602097 0.073840 0.045254
4 0.435918 0.771523 0.091245 0.035320
4 0.724420 0.202539 0.082806 0.029801
4 0.622627 0.199227 0.066983 0.025386
4 0.230485 0.205298 0.044304 0.024283
4 0.660865 0.856512 0.027426 0.035320
4 0.229958 0.218543 0.043249 0.017660
