9 0.342201 0.981462 0.143975 0.037075
0 0.048252 0.962925 0.059990 0.022657
2 0.470005 0.358908 0.302556 0.171988
2 0.412885 0.286303 0.111111 0.070031
2 0.501826 0.572091 0.055295 0.056643
2 0.255608 0.578270 0.050078 0.054583
3 0.497913 0.449022 0.659885 0.514933
3 0.465050 0.334706 0.308294 0.212152
3 0.077726 0.550463 0.155451 0.345005
3 0.061815 0.567456 0.123631 0.197734
6 0.519562 0.299176 0.135629 0.044284
5 0.460616 0.982492 0.073031 0.024717
6 0.513563 0.681771 0.013041 0.014418
4 0.470527 0.519567 0.269171 0.025747
4 0.533385 0.773429 0.127804 0.037075
4 0.210224 0.984552 0.106416 0.030896
4 0.844288 0.984552 0.104851 0.030896
4 0.712311 0.985067 0.099635 0.029866
4 0.581377 0.982492 0.103808 0.024717
4 0.568858 0.618950 0.047470 0.039135
4 0.948618 0.830072 0.047470 0.039135
4 0.413406 0.773429 0.049557 0.037075
4 0.410537 0.570031 0.060511 0.023687
4 0.729004 0.639032 0.037037 0.038105
4 0.570683 0.569516 0.060511 0.022657
4 0.272561 0.682286 0.050600 0.025747
4 0.785342 0.545314 0.027647 0.046344
4 0.350809 0.680227 0.023474 0.048404
4 0.460355 0.861483 0.040167 0.027806
4 0.712311 0.861483 0.040167 0.027806
4 0.460355 0.908857 0.040167 0.027806
4 0.712311 0.908857 0.040167 0.027806
4 0.409233 0.593718 0.040167 0.025747
4 0.460355 0.888260 0.023474 0.040165
4 0.712311 0.888260 0.023474 0.040165
4 0.945749 0.801751 0.029212 0.029866
4 0.409233 0.619979 0.037037 0.022657
4 0.343245 0.613285 0.030256 0.025747
4 0.503391 0.613285 0.030256 0.025747
4 0.668753 0.452111 0.017736 0.043254
4 0.674231 0.468589 0.017214 0.037075
4 0.346114 0.776004 0.035994 0.013388
4 0.103808 0.984552 0.022953 0.020597
4 0.703182 0.522142 0.015649 0.024717
4 0.574596 0.683316 0.016171 0.023687
4 0.680490 0.478373 0.013041 0.017508
4 0.497653 0.782183 0.014606 0.013388
4 0.483046 0.681771 0.012520 0.014418
4 0.227439 0.218847 0.012520 0.013388
