3 0.708944 0.605967 0.389644 0.203704
6 0.282950 0.708848 0.337866 0.034979
6 0.273536 0.967078 0.319038 0.034979
6 0.278243 0.566358 0.328452 0.033951
6 0.708944 0.605967 0.395921 0.026749
6 0.708421 0.514403 0.394874 0.026749
6 0.708682 0.636831 0.394351 0.026749
6 0.706067 0.805556 0.389121 0.026749
6 0.703975 0.743827 0.384937 0.026749
6 0.703190 0.836420 0.383368 0.026749
6 0.686715 0.774691 0.351464 0.026749
6 0.676778 0.698560 0.331590 0.026749
6 0.255230 0.779835 0.285565 0.026749
6 0.253138 0.896091 0.278243 0.026749
6 0.232741 0.591564 0.238494 0.026749
6 0.212343 0.849794 0.197699 0.026749
5 0.209205 0.471708 0.067992 0.021605
5 0.163703 0.291152 0.054393 0.022634
5 0.614278 0.291667 0.053870 0.021605
5 0.552563 0.291152 0.046548 0.022634
5 0.292103 0.293210 0.023536 0.024691
4 0.493462 0.189815 0.297594 0.040123
4 0.397228 0.358025 0.304916 0.034979
4 0.708682 0.545267 0.395397 0.026749
4 0.708682 0.576132 0.394351 0.026749
4 0.708682 0.667695 0.394351 0.026749
4 0.280596 0.684156 0.333159 0.026749
4 0.280596 0.942387 0.333159 0.026749
4 0.277981 0.824588 0.327929 0.025720
4 0.259937 0.637860 0.291841 0.026749
4 0.834205 0.187757 0.158996 0.031893
4 0.191684 0.184671 0.143828 0.033951
4 0.201621 0.733539 0.176255 0.026749
4 0.575314 0.461934 0.125523 0.030864
4 0.366893 0.293210 0.088389 0.034979
4 0.555439 0.866255 0.087866 0.026749
4 0.469404 0.291152 0.097803 0.022634
4 0.153504 0.207305 0.067469 0.027778
4 0.493985 0.224794 0.053870 0.027778
4 0.235879 0.291152 0.065900 0.022634
4 0.120031 0.471193 0.065377 0.022634
4 0.142521 0.147634 0.048640 0.029835
4 0.817469 0.153292 0.039749 0.028807
4 0.140952 0.988683 0.054916 0.018519
