0 0.444444 0.738195 0.054251 0.022036
2 0.593114 0.556663 0.051122 0.091291
2 0.461659 0.544071 0.032342 0.055614
3 0.234220 0.575026 0.188837 0.371459
3 0.832551 0.612802 0.100156 0.237146
3 0.713093 0.612802 0.100156 0.237146
6 0.497913 0.952256 0.627543 0.028332
6 0.328899 0.975341 0.532603 0.028332
6 0.444184 0.586044 0.079812 0.026233
4 0.119457 0.952256 0.113719 0.028332
4 0.889671 0.952256 0.073552 0.028332
4 0.593636 0.635887 0.066771 0.025184
4 0.713093 0.652151 0.067814 0.024134
4 0.593636 0.667891 0.065728 0.024134
4 0.832290 0.654250 0.053730 0.028332
4 0.444444 0.678909 0.050078 0.029381
4 0.213354 0.532529 0.030256 0.028332
4 0.832290 0.607030 0.029734 0.019937
4 0.728482 0.595488 0.017214 0.030430
4 0.027387 0.726128 0.017214 0.014690
4 0.243871 0.458552 0.016171 0.014690
