2 0.174358 0.418058 0.094913 0.111691
2 0.812008 0.429541 0.092816 0.055324
2 0.749869 0.420668 0.037756 0.093946
4 0.331935 0.593424 0.432092 0.044885
4 0.479025 0.713466 0.235448 0.044885
4 0.207132 0.548017 0.187729 0.048017
4 0.442318 0.904489 0.162035 0.044885
4 0.698217 0.793841 0.142108 0.044885
4 0.679864 0.548017 0.109596 0.048017
4 0.238595 0.864301 0.113267 0.045929
4 0.417147 0.824113 0.111694 0.044885
4 0.736759 0.914405 0.109072 0.043841
4 0.678291 0.874739 0.102255 0.043841
4 0.174095 0.824635 0.095438 0.043841
4 0.664657 0.835595 0.074987 0.044885
4 0.669900 0.596555 0.085475 0.038622
4 0.398007 0.783403 0.073414 0.044885
4 0.414001 0.629958 0.105401 0.030271
4 0.660986 0.753132 0.067646 0.046973
4 0.228107 0.180585 0.082853 0.037578
4 0.663346 0.713466 0.072365 0.042797
4 0.160461 0.674322 0.063975 0.043841
4 0.366282 0.182672 0.071841 0.037578
4 0.661772 0.636221 0.069219 0.038622
4 0.492134 0.401357 0.074987 0.034447
4 0.644992 0.674322 0.035658 0.043841
4 0.791557 0.417015 0.050865 0.028184
4 0.141059 0.713466 0.029365 0.044885
4 0.793393 0.392484 0.053487 0.020877
4 0.510225 0.448852 0.026219 0.037578
4 0.141584 0.786013 0.026219 0.037578
4 0.136340 0.903967 0.019927 0.043841
4 0.368642 0.156576 0.040902 0.020877
4 0.334033 0.173278 0.016780 0.043841
4 0.150760 0.618998 0.021500 0.029228
4 0.121657 0.671190 0.011536 0.018789
4 0.367069 0.671190 0.011536 0.018789
4 0.367069 0.862213 0.011536 0.018789
