9 0.413089 0.900743 0.179058 0.052017
0 0.186911 0.915074 0.103665 0.023355
2 0.807330 0.372081 0.161257 0.077495
2 0.519895 0.899151 0.058639 0.078556
3 0.279058 0.535032 0.419895 0.532909
3 0.601047 0.535032 0.205236 0.532909
3 0.815707 0.397028 0.205236 0.256900
3 0.815445 0.673036 0.204712 0.256900
6 0.196597 0.869958 0.124084 0.026539
5 0.783770 0.588110 0.083770 0.019108
4 0.271990 0.723992 0.377487 0.036093
4 0.792932 0.420382 0.133508 0.048832
4 0.839791 0.184183 0.161257 0.037155
4 0.589791 0.693206 0.155497 0.036093
4 0.583508 0.723992 0.141885 0.036093
4 0.794503 0.457537 0.134555 0.036093
4 0.579058 0.662420 0.132984 0.036093
4 0.791361 0.395435 0.129319 0.035032
4 0.799215 0.721338 0.146073 0.030786
4 0.793194 0.690552 0.131937 0.030786
4 0.789267 0.752123 0.124084 0.030786
4 0.838220 0.894374 0.135079 0.026539
4 0.835079 0.871019 0.128796 0.026539
4 0.628010 0.869427 0.138743 0.023355
4 0.195812 0.893312 0.121466 0.026539
4 0.130628 0.752123 0.094764 0.030786
4 0.546335 0.754777 0.068586 0.036093
4 0.396859 0.869427 0.099476 0.023355
4 0.756021 0.484607 0.057592 0.030786
4 0.157330 0.949045 0.045550 0.029724
4 0.761518 0.330149 0.070681 0.019108
4 0.546597 0.627389 0.070157 0.019108
4 0.761257 0.658174 0.070157 0.019108
4 0.117277 0.688960 0.070157 0.019108
4 0.169634 0.839703 0.070157 0.019108
4 0.381675 0.840764 0.070157 0.019108
4 0.593717 0.840764 0.070157 0.019108
4 0.805759 0.840764 0.070157 0.019108
4 0.369372 0.925159 0.045550 0.024416
4 0.120157 0.312102 0.056021 0.019108
4 0.574607 0.892781 0.030890 0.023355
4 0.542408 0.312102 0.030366 0.019108
4 0.757068 0.312102 0.030366 0.019108
4 0.565183 0.925159 0.013089 0.024416
4 0.777225 0.925159 0.013089 0.024416
