0 0.842712 0.914980 0.136747 0.028340
0 0.968205 0.914980 0.063590 0.036437
3 0.191896 0.554150 0.124930 0.122470
3 0.192741 0.208502 0.110861 0.133603
6 0.182330 0.899798 0.350028 0.028340
5 0.145751 0.748988 0.092290 0.028340
5 0.266179 0.320344 0.101294 0.023279
5 0.088633 0.320850 0.037704 0.022267
4 0.234947 0.525304 0.431626 0.038462
4 0.164603 0.930162 0.313450 0.028340
4 0.590321 0.209514 0.232977 0.036437
4 0.157850 0.834514 0.134496 0.043522
4 0.343838 0.207996 0.180079 0.031377
4 0.331458 0.240891 0.154192 0.028340
4 0.074282 0.572368 0.109173 0.039474
4 0.907991 0.320344 0.157006 0.023279
4 0.847214 0.746457 0.153630 0.023279
4 0.750985 0.322874 0.111986 0.028340
4 0.929094 0.209514 0.090039 0.034413
4 0.597636 0.748988 0.099043 0.028340
4 0.695836 0.912449 0.105234 0.023279
4 0.929094 0.231275 0.087788 0.023279
4 0.374226 0.322874 0.069781 0.028340
4 0.480023 0.746457 0.078784 0.023279
4 0.471863 0.320850 0.080473 0.022267
4 0.161790 0.322874 0.062465 0.028340
4 0.709342 0.746457 0.066967 0.023279
4 0.641249 0.320850 0.063590 0.022267
4 0.561058 0.320344 0.051773 0.023279
4 0.288407 0.746964 0.030951 0.022267
4 0.232414 0.746964 0.024761 0.022267
4 0.038267 0.991397 0.023635 0.017206
4 0.581598 0.991903 0.019696 0.016194
4 0.850591 0.210020 0.014069 0.017206
