9 0.143157 0.835456 0.155218 0.053079
9 0.786576 0.532909 0.139486 0.053079
9 0.781856 0.489384 0.130047 0.053079
9 0.343471 0.445860 0.122706 0.053079
9 0.777661 0.445860 0.122706 0.053079
9 0.126377 0.748408 0.122706 0.053079
0 0.554536 0.612527 0.064499 0.025478
0 0.337441 0.947983 0.064499 0.025478
0 0.771369 0.612527 0.063975 0.025478
5 0.161248 0.387473 0.146303 0.038217
5 0.588096 0.388004 0.129523 0.037155
5 0.368642 0.384289 0.126901 0.029724
5 0.790509 0.383758 0.101206 0.030786
4 0.166492 0.439490 0.154693 0.027601
4 0.383062 0.614650 0.154693 0.027601
4 0.163608 0.669851 0.151023 0.027601
4 0.371002 0.571125 0.130572 0.027601
4 0.585475 0.526539 0.125328 0.027601
4 0.148138 0.483015 0.120084 0.027601
4 0.364709 0.789809 0.117986 0.027601
4 0.157315 0.553079 0.136340 0.023355
4 0.362874 0.746285 0.114316 0.027601
4 0.145779 0.917197 0.114316 0.027601
4 0.796801 0.571125 0.113791 0.027601
4 0.357368 0.833333 0.103304 0.027601
4 0.140010 0.626327 0.102779 0.027601
4 0.356057 0.658174 0.100682 0.027601
4 0.580493 0.480892 0.115364 0.023355
4 0.352386 0.876858 0.093340 0.027601
4 0.135029 0.873673 0.092816 0.027601
4 0.564761 0.439490 0.083901 0.027601
4 0.346093 0.699575 0.081804 0.023355
4 0.556633 0.571125 0.067646 0.027601
4 0.122444 0.508493 0.066597 0.023355
4 0.121395 0.783439 0.064499 0.023355
4 0.331411 0.527070 0.051390 0.026539
4 0.334819 0.481423 0.058207 0.022293
4 0.109596 0.699045 0.040902 0.026539
4 0.110645 0.582803 0.044048 0.019108
