9 0.725397 0.913904 0.252910 0.060963
2 0.438624 0.608556 0.172487 0.081283
3 0.341534 0.736898 0.432275 0.526203
6 0.660582 0.937433 0.076720 0.026738
4 0.431481 0.662032 0.158201 0.049198
4 0.725661 0.832620 0.233333 0.026738
4 0.724868 0.651872 0.232804 0.026738
4 0.721429 0.758824 0.224868 0.026738
4 0.720370 0.732086 0.222751 0.026738
4 0.720106 0.705348 0.222222 0.026738
4 0.727249 0.677540 0.236508 0.024599
4 0.694444 0.785561 0.170899 0.026738
4 0.653704 0.859358 0.089418 0.026738
4 0.402116 0.912834 0.028571 0.039572
4 0.230688 0.786631 0.021164 0.028877
4 0.810582 0.566845 0.014815 0.029947
4 0.405026 0.886096 0.029101 0.013904
4 0.452381 0.886631 0.015873 0.019251
4 0.248677 0.601070 0.013757 0.014973
