0 0.467136 0.743372 0.355243 0.142100
0 0.515910 0.396607 0.151278 0.029692
2 0.200574 0.283139 0.241523 0.091198
2 0.160668 0.239661 0.165884 0.084836
2 0.355243 0.641569 0.085550 0.097561
2 0.777517 0.939024 0.114241 0.071050
2 0.591549 0.270414 0.094940 0.082715
2 0.724570 0.262460 0.090767 0.060445
3 0.496088 0.766702 0.835681 0.466596
3 0.204225 0.259279 0.243610 0.132556
5 0.304382 0.457052 0.064163 0.023330
5 0.157538 0.393955 0.053208 0.024390
5 0.094679 0.394486 0.037037 0.023330
4 0.482003 0.865854 0.223266 0.054083
4 0.480438 0.621951 0.160668 0.049841
4 0.565206 0.456522 0.141367 0.032874
4 0.817423 0.397137 0.136672 0.030753
4 0.443923 0.581654 0.086594 0.039236
4 0.356808 0.393955 0.131455 0.024390
4 0.192227 0.456522 0.123631 0.024390
4 0.670579 0.393955 0.121544 0.024390
4 0.701095 0.460233 0.093897 0.029692
4 0.146322 0.767232 0.050600 0.047720
4 0.200835 0.203606 0.098070 0.023330
4 0.716484 0.742312 0.043297 0.044539
4 0.392019 0.457052 0.075639 0.023330
4 0.237350 0.394486 0.070944 0.023330
4 0.523213 0.581124 0.045905 0.025451
4 0.311946 0.642630 0.028169 0.038176
4 0.462180 0.459703 0.028169 0.030753
4 0.199270 0.320255 0.036515 0.016967
4 0.179708 0.781548 0.022431 0.027572
4 0.100156 0.457052 0.025039 0.023330
4 0.231090 0.875928 0.017736 0.029692
4 0.269692 0.791622 0.028169 0.015907
4 0.184664 0.825027 0.014606 0.019088
