9 0.496868 0.396552 0.267223 0.059561
9 0.140397 0.572623 0.118998 0.050157
9 0.138831 0.871473 0.115866 0.050157
9 0.137787 0.722048 0.113779 0.050157
8 0.735125 0.573668 0.111169 0.027168
8 0.495303 0.794671 0.041754 0.028213
8 0.121868 0.794671 0.036013 0.028213
2 0.496868 0.305120 0.728601 0.071055
3 0.735125 0.597701 0.310543 0.148380
5 0.321764 0.446708 0.080898 0.026123
4 0.500783 0.167712 0.357516 0.044932
4 0.563413 0.448276 0.136221 0.029258
4 0.735386 0.615465 0.083507 0.041797
4 0.428758 0.447753 0.092380 0.030303
4 0.622651 0.866249 0.088727 0.029258
4 0.620042 0.719958 0.085595 0.029258
4 0.784186 0.446186 0.088205 0.025078
4 0.620564 0.780564 0.084551 0.022989
4 0.222077 0.445664 0.075678 0.024033
4 0.485647 0.645246 0.061065 0.026123
4 0.484864 0.566876 0.046973 0.026123
4 0.126305 0.645246 0.045929 0.026123
4 0.129175 0.941484 0.051670 0.022989
4 0.868998 0.719436 0.049061 0.024033
4 0.868998 0.782132 0.049061 0.024033
4 0.868998 0.865726 0.049061 0.024033
4 0.694937 0.446186 0.049582 0.022989
4 0.495042 0.941484 0.042276 0.022989
4 0.490084 0.863636 0.036534 0.024033
4 0.379175 0.766458 0.013048 0.021944
4 0.379175 0.750784 0.013048 0.021944
4 0.173278 0.442006 0.011482 0.020899
