0 0.345592 0.571872 0.097548 0.028956
2 0.651800 0.382627 0.050600 0.105481
2 0.322379 0.443123 0.040689 0.085832
2 0.895670 0.374871 0.012520 0.100310
5 0.496609 0.809204 0.194053 0.032058
5 0.278299 0.151499 0.129890 0.038263
5 0.702921 0.149431 0.058946 0.021717
4 0.077726 0.789555 0.155451 0.052740
4 0.259259 0.198035 0.262911 0.025853
4 0.713093 0.918304 0.136672 0.033092
4 0.716223 0.982420 0.147105 0.026887
4 0.671101 0.643744 0.082942 0.042399
4 0.259259 0.219752 0.128326 0.021717
4 0.124152 0.918304 0.080334 0.033092
4 0.507564 0.476215 0.074074 0.032058
4 0.313511 0.982420 0.086594 0.026887
4 0.830986 0.406929 0.044862 0.048604
4 0.216484 0.713030 0.044862 0.044467
4 0.464006 0.295760 0.040167 0.037229
4 0.913928 0.347466 0.032342 0.045502
4 0.853678 0.149431 0.061033 0.021717
4 0.747261 0.336608 0.023474 0.044467
4 0.918884 0.418304 0.023474 0.042399
4 0.777778 0.149431 0.043818 0.021717
4 0.824465 0.349535 0.032864 0.026887
4 0.914971 0.388314 0.029212 0.023785
4 0.786646 0.190796 0.011476 0.025853
4 0.056860 0.739917 0.018779 0.015512
4 0.364111 0.347983 0.019823 0.013444
