0 0.083464 0.978153 0.133542 0.027805
0 0.767084 0.779543 0.127804 0.027805
0 0.300469 0.779047 0.078247 0.028798
2 0.551382 0.459782 0.125196 0.099305
2 0.435316 0.451837 0.115284 0.083416
3 0.496088 0.475174 0.230569 0.122145
6 0.474961 0.142999 0.297861 0.033764
6 0.178143 0.948361 0.323944 0.027805
4 0.784820 0.252234 0.227960 0.041708
4 0.495827 0.583416 0.271779 0.032771
4 0.497392 0.523833 0.198748 0.032771
4 0.232916 0.978153 0.147626 0.027805
4 0.625456 0.779543 0.124152 0.027805
4 0.488524 0.779543 0.118414 0.027805
4 0.202660 0.779543 0.101721 0.027805
4 0.384455 0.777061 0.057381 0.022840
4 0.473135 0.246276 0.014606 0.033764
4 0.923839 0.235849 0.032342 0.012910
4 0.923839 0.249752 0.032342 0.012910
4 0.658059 0.668818 0.017214 0.018868
4 0.518779 0.241807 0.014085 0.020854
