9 0.065720 0.809448 0.118822 0.052017
9 0.558885 0.350318 0.111462 0.050955
8 0.066246 0.721868 0.070452 0.023355
0 0.730021 0.968684 0.239222 0.041401
0 0.075184 0.355626 0.107256 0.031847
0 0.344637 0.264862 0.034175 0.022293
2 0.358570 0.349788 0.278654 0.056263
3 0.097792 0.408174 0.149317 0.190021
6 0.486330 0.565287 0.536278 0.026539
6 0.195058 0.986200 0.372240 0.027601
6 0.172976 0.955414 0.330179 0.029724
6 0.396425 0.591826 0.356467 0.026539
6 0.412461 0.713376 0.211882 0.029724
6 0.082282 0.539809 0.097266 0.026539
6 0.079653 0.651274 0.090957 0.026539
6 0.076498 0.574841 0.083596 0.022293
5 0.056257 0.418790 0.054679 0.026539
5 0.261830 0.194798 0.051525 0.024416
5 0.290221 0.264862 0.044164 0.022293
5 0.237119 0.264862 0.031546 0.022293
4 0.092534 0.614119 0.115668 0.026539
4 0.354890 0.194798 0.113565 0.024416
4 0.080705 0.872081 0.102524 0.026539
4 0.092008 0.685244 0.114616 0.020170
4 0.605415 0.713907 0.088854 0.024416
4 0.190589 0.194798 0.069926 0.024416
4 0.252366 0.406051 0.067298 0.022293
4 0.455310 0.195329 0.064143 0.023355
4 0.156151 0.417197 0.012618 0.014862
4 0.156151 0.869427 0.012618 0.014862
