3 0.496075 0.710363 0.848770 0.384456
6 0.357405 0.834715 0.498168 0.025907
6 0.307954 0.781865 0.399267 0.025907
5 0.496075 0.455440 0.085819 0.034197
5 0.137363 0.948705 0.113553 0.023834
5 0.043956 0.291710 0.083726 0.021762
5 0.125065 0.291710 0.043956 0.021762
4 0.156201 0.163212 0.219257 0.027979
4 0.210361 0.729016 0.204082 0.025907
4 0.141811 0.189119 0.190476 0.025907
4 0.923600 0.192746 0.098378 0.045596
4 0.920199 0.157513 0.117739 0.037306
4 0.185243 0.676166 0.154893 0.025907
4 0.215332 0.293782 0.117739 0.025907
4 0.818158 0.676166 0.107274 0.025907
4 0.818158 0.729016 0.107274 0.025907
4 0.818158 0.781865 0.107274 0.025907
4 0.817896 0.834715 0.106750 0.025907
4 0.093930 0.205699 0.094715 0.021762
4 0.521716 0.291710 0.091052 0.021762
4 0.119571 0.545596 0.077970 0.023834
4 0.951596 0.176166 0.044479 0.037306
4 0.794872 0.162176 0.061748 0.021762
4 0.441130 0.293782 0.050235 0.025907
4 0.318420 0.291710 0.058085 0.021762
4 0.604134 0.291710 0.053898 0.021762
4 0.805599 0.175130 0.064364 0.014508
4 0.381737 0.291710 0.038200 0.021762
4 0.705128 0.160104 0.028781 0.021762
4 0.036107 0.243523 0.016745 0.037306
4 0.701727 0.174093 0.024071 0.018653
