9 0.288993 0.233432 0.109546 0.047478
8 0.468440 0.235905 0.099113 0.044510
0 0.457486 0.850643 0.038602 0.033630
3 0.832551 0.674085 0.112676 0.258160
3 0.710485 0.674085 0.112676 0.258160
3 0.588419 0.621662 0.112676 0.153314
6 0.202400 0.974283 0.371414 0.027695
6 0.474178 0.142433 0.296296 0.033630
6 0.179708 0.944609 0.327074 0.027695
6 0.825248 0.763106 0.086594 0.034619
5 0.837767 0.410485 0.065728 0.029674
6 0.702921 0.761128 0.085029 0.022750
6 0.573031 0.761128 0.070423 0.022750
5 0.309598 0.408012 0.054773 0.024728
5 0.176578 0.408012 0.050600 0.024728
4 0.766302 0.230959 0.190923 0.042532
4 0.126500 0.218595 0.107981 0.043521
4 0.454095 0.410979 0.081899 0.028684
4 0.583985 0.731454 0.092332 0.022750
4 0.824987 0.731454 0.085029 0.022750
4 0.915754 0.232938 0.048513 0.038576
4 0.179969 0.340752 0.056338 0.032641
4 0.841158 0.380317 0.072509 0.024728
4 0.319770 0.380811 0.075117 0.023739
4 0.123891 0.250742 0.094418 0.018793
4 0.695357 0.731454 0.070944 0.022750
4 0.566510 0.340752 0.046948 0.032641
4 0.697966 0.340752 0.045905 0.032641
4 0.304382 0.340752 0.044340 0.032641
4 0.737089 0.634026 0.030256 0.047478
4 0.701878 0.408012 0.053730 0.024728
4 0.434011 0.380317 0.042775 0.024728
4 0.565206 0.380811 0.044340 0.023739
4 0.172144 0.380317 0.041732 0.024728
4 0.563902 0.408012 0.039645 0.024728
4 0.693792 0.380811 0.038602 0.023739
4 0.425665 0.340752 0.026082 0.032641
4 0.818206 0.340752 0.025561 0.032641
4 0.056338 0.239367 0.022953 0.033630
4 0.812728 0.568249 0.019823 0.030663
4 0.609285 0.586548 0.017736 0.031652
4 0.231873 0.226014 0.018258 0.030663
4 0.874804 0.221563 0.015649 0.023739
4 0.880282 0.237883 0.014085 0.024728
