9 0.546201 0.584599 0.249144 0.054230
9 0.507187 0.441432 0.172485 0.052061
3 0.685832 0.577007 0.628337 0.355748
5 0.893566 0.238612 0.212868 0.034707
5 0.542094 0.720174 0.182067 0.028200
6 0.161533 0.549892 0.172485 0.026030
6 0.162218 0.688178 0.160164 0.022777
5 0.161875 0.744577 0.069131 0.022777
5 0.228611 0.238612 0.045175 0.034707
5 0.026010 0.289588 0.041068 0.023861
4 0.785763 0.340022 0.428474 0.037961
4 0.596509 0.649675 0.292266 0.028200
4 0.310746 0.170282 0.396988 0.019523
4 0.673169 0.238612 0.186858 0.034707
4 0.161875 0.464751 0.212868 0.022777
4 0.111225 0.400759 0.151266 0.031453
4 0.109856 0.950651 0.149897 0.024946
4 0.090007 0.900217 0.107461 0.034707
4 0.162218 0.604664 0.161533 0.022777
4 0.162560 0.631779 0.148528 0.022777
4 0.520876 0.504338 0.138261 0.023861
4 0.183778 0.189805 0.143053 0.021692
4 0.376454 0.236443 0.136893 0.021692
4 0.110883 0.990239 0.151951 0.019523
4 0.162218 0.491866 0.105407 0.022777
4 0.512320 0.236443 0.093771 0.021692
