9 0.603049 0.300418 0.238696 0.051202
9 0.407466 0.874608 0.143007 0.050157
9 0.549947 0.588297 0.115668 0.050157
9 0.538381 0.365726 0.094637 0.050157
9 0.528917 0.438871 0.094637 0.050157
8 0.610936 0.654650 0.044164 0.021944
8 0.531283 0.729885 0.036278 0.021944
8 0.697950 0.655172 0.035226 0.020899
0 0.314143 0.444096 0.151945 0.043887
0 0.306519 0.293626 0.136698 0.027168
0 0.278917 0.701672 0.081493 0.026123
3 0.302313 0.865726 0.115668 0.268548
3 0.625920 0.394984 0.233964 0.131661
6 0.475289 0.245559 0.099895 0.025078
6 0.560463 0.787879 0.086225 0.020899
4 0.491588 0.213689 0.149317 0.032393
4 0.406414 0.937827 0.113565 0.024033
4 0.381441 0.622780 0.068875 0.037618
4 0.402208 0.890805 0.076761 0.019854
4 0.405889 0.835946 0.070452 0.018809
4 0.390379 0.550679 0.031020 0.037618
4 0.406151 0.956635 0.053102 0.019854
4 0.537592 0.655172 0.048896 0.020899
4 0.363565 0.805120 0.039432 0.019854
4 0.526814 0.505225 0.026288 0.021944
4 0.453470 0.621212 0.018402 0.030303
4 0.260778 0.646813 0.031546 0.016719
4 0.308885 0.648380 0.025762 0.019854
4 0.357256 0.646813 0.029968 0.016719
4 0.453470 0.646813 0.026814 0.016719
4 0.280231 0.768025 0.026288 0.016719
4 0.405100 0.646813 0.025762 0.016719
4 0.360673 0.834901 0.017876 0.018809
4 0.354890 0.763845 0.014721 0.018809
4 0.258149 0.933124 0.014721 0.014629
4 0.647739 0.655695 0.011567 0.015674
4 0.736593 0.655695 0.011567 0.015674
