9 0.247783 0.826289 0.466354 0.058763
8 0.643714 0.177835 0.109546 0.046392
0 0.248044 0.776289 0.401148 0.043299
0 0.312467 0.170619 0.073031 0.025773
2 0.830464 0.950000 0.339071 0.100000
2 0.270736 0.429381 0.129369 0.110309
2 0.787167 0.641237 0.050078 0.080412
2 0.706573 0.469588 0.044340 0.071134
2 0.975222 0.774742 0.039124 0.071134
2 0.556077 0.323196 0.027126 0.058763
2 0.691967 0.859794 0.020344 0.063918
3 0.214658 0.417010 0.235263 0.132990
6 0.193271 0.972165 0.370892 0.028866
6 0.160668 0.947423 0.307773 0.028866
4 0.252478 0.294330 0.343245 0.042268
4 0.769171 0.693814 0.069379 0.051546
4 0.607981 0.428866 0.034950 0.047423
4 0.932186 0.545876 0.033385 0.046392
4 0.595722 0.265979 0.031299 0.047423
4 0.981481 0.443299 0.026604 0.047423
4 0.729004 0.323196 0.026604 0.038144
4 0.503912 0.737113 0.026082 0.028866
4 0.670057 0.475258 0.021388 0.032990
4 0.652843 0.489175 0.016171 0.034021
4 0.941836 0.339175 0.019301 0.026804
4 0.677621 0.411340 0.012520 0.041237
4 0.717527 0.395361 0.014085 0.027835
4 0.919405 0.315979 0.018258 0.019588
4 0.818727 0.373711 0.015128 0.019588
