9 0.851775 0.375396 0.138831 0.051742
8 0.469468 0.486272 0.076722 0.022175
8 0.117954 0.373812 0.052192 0.029567
0 0.084290 0.973601 0.106994 0.029567
0 0.462422 0.373812 0.072025 0.029567
0 0.640658 0.571806 0.068372 0.024287
2 0.963987 0.898627 0.072025 0.130940
2 0.595251 0.204329 0.025574 0.066526
6 0.178497 0.941922 0.326722 0.029567
5 0.655271 0.656811 0.098643 0.029567
5 0.645877 0.524815 0.079854 0.029567
6 0.260699 0.645723 0.069415 0.026399
5 0.375000 0.768215 0.067328 0.026399
5 0.363518 0.626188 0.052714 0.029567
5 0.637787 0.603485 0.061587 0.024287
5 0.560543 0.672122 0.061587 0.024287
5 0.559760 0.421859 0.061065 0.024287
5 0.455115 0.591869 0.057411 0.024287
5 0.556889 0.471489 0.054280 0.024287
5 0.555324 0.371172 0.053236 0.024287
5 0.364823 0.732313 0.044885 0.026399
5 0.449635 0.641499 0.047495 0.024287
5 0.364040 0.482049 0.044363 0.022175
5 0.245564 0.445090 0.040188 0.022175
5 0.545146 0.524287 0.030793 0.028511
5 0.361430 0.702746 0.039144 0.022175
4 0.232255 0.973601 0.147182 0.029567
4 0.150313 0.805174 0.106472 0.026399
4 0.651357 0.424498 0.090814 0.029567
4 0.145877 0.769271 0.097599 0.026399
4 0.141701 0.417635 0.090292 0.026399
4 0.141962 0.734424 0.089770 0.026399
4 0.495564 0.215417 0.065240 0.035903
4 0.139353 0.670539 0.084551 0.027455
4 0.139092 0.607709 0.084029 0.026399
4 0.651096 0.703801 0.089248 0.024287
4 0.470772 0.452482 0.079332 0.026399
4 0.268789 0.777191 0.087683 0.023231
4 0.647704 0.754488 0.083507 0.024287
4 0.263309 0.419747 0.074635 0.026399
4 0.838466 0.690074 0.048539 0.039071
4 0.259916 0.815734 0.069937 0.026399
4 0.138570 0.838965 0.082985 0.022175
4 0.135438 0.478353 0.076722 0.023231
4 0.257307 0.582365 0.065762 0.026399
4 0.262787 0.480465 0.074635 0.023231
4 0.469468 0.415523 0.077766 0.022175
4 0.263831 0.742872 0.077766 0.022175
4 0.133873 0.541711 0.073591 0.023231
4 0.371608 0.402851 0.069937 0.024287
4 0.635177 0.373812 0.057411 0.029567
4 0.485386 0.189018 0.046973 0.035903
4 0.128392 0.508448 0.062630 0.026399
4 0.262526 0.706969 0.074113 0.022175
4 0.836378 0.629884 0.060021 0.026399
4 0.554280 0.725449 0.050104 0.029567
4 0.375261 0.802006 0.065762 0.022175
4 0.255480 0.680570 0.060021 0.024287
4 0.462683 0.549102 0.062109 0.023231
4 0.636482 0.471489 0.058977 0.024287
4 0.557672 0.622492 0.055846 0.024287
4 0.127610 0.442978 0.061065 0.022175
4 0.370825 0.447202 0.058977 0.022175
4 0.371086 0.517951 0.058455 0.022175
4 0.121086 0.571806 0.048017 0.026399
4 0.555063 0.772439 0.051670 0.024287
4 0.632829 0.786167 0.051670 0.024287
4 0.120825 0.635164 0.047495 0.026399
4 0.369781 0.581309 0.054802 0.022175
4 0.368476 0.666843 0.054280 0.022175
4 0.251827 0.607709 0.052714 0.022175
4 0.628653 0.203273 0.050626 0.022175
4 0.250000 0.508448 0.049061 0.022175
4 0.362735 0.840021 0.040710 0.026399
4 0.361169 0.544879 0.038622 0.023231
4 0.451200 0.513728 0.039144 0.022175
4 0.544102 0.574446 0.028706 0.029567
4 0.243998 0.841077 0.037056 0.022175
4 0.113518 0.695882 0.032881 0.023231
4 0.349165 0.374340 0.024008 0.028511
4 0.236952 0.546463 0.025052 0.026399
4 0.636743 0.218585 0.033403 0.016895
4 0.139092 0.221225 0.032881 0.015839
4 0.720251 0.213305 0.018789 0.027455
4 0.758612 0.221225 0.017223 0.015839
4 0.741127 0.219113 0.013570 0.015839
