2 0.794731 0.713918 0.041210 0.058763
6 0.580595 0.423711 0.428795 0.032990
6 0.192749 0.977320 0.370892 0.028866
6 0.487480 0.646392 0.268649 0.035052
6 0.160146 0.952577 0.307773 0.028866
4 0.185968 0.233505 0.173709 0.042268
4 0.489567 0.679381 0.273865 0.026804
4 0.478091 0.742268 0.251956 0.026804
4 0.466354 0.768041 0.228482 0.028866
4 0.194836 0.296907 0.192488 0.028866
4 0.727960 0.550000 0.082942 0.042268
4 0.135629 0.469072 0.062598 0.051546
4 0.547470 0.552062 0.111111 0.027835
4 0.141367 0.871649 0.070944 0.040206
4 0.727960 0.578351 0.097548 0.022680
4 0.580856 0.355670 0.062076 0.030928
4 0.129630 0.792784 0.045383 0.039175
4 0.156495 0.560309 0.051122 0.025773
4 0.716484 0.634021 0.050600 0.022680
4 0.723005 0.685567 0.021909 0.045361
4 0.978091 0.650515 0.021909 0.039175
4 0.149974 0.400515 0.038080 0.021649
4 0.753260 0.696907 0.021909 0.037113
4 0.978091 0.586598 0.021909 0.035052
4 0.547731 0.574227 0.029212 0.022680
4 0.141628 0.638660 0.023474 0.025773
4 0.115284 0.563402 0.021909 0.025773
4 0.138758 0.714948 0.021909 0.021649
4 0.755869 0.634021 0.020866 0.022680
4 0.113980 0.706186 0.013041 0.022680
4 0.128586 0.765979 0.014085 0.018557
4 0.128847 0.372165 0.013563 0.018557
