2 0.239256 0.224426 0.185010 0.075157
2 0.836216 0.177453 0.052935 0.073069
2 0.238208 0.173278 0.061321 0.056367
3 0.206237 0.718685 0.172432 0.562630
5 0.189203 0.981211 0.125786 0.029228
5 0.164046 0.388831 0.092243 0.038622
4 0.589885 0.641962 0.233229 0.027140
4 0.201520 0.898225 0.150419 0.030271
4 0.589885 0.489562 0.108491 0.041754
4 0.201782 0.576200 0.150943 0.029228
4 0.197065 0.492171 0.141509 0.030271
4 0.177149 0.793319 0.101677 0.029228
4 0.175839 0.846555 0.099057 0.029228
4 0.175577 0.658664 0.098532 0.029228
4 0.161426 0.523486 0.070231 0.030271
4 0.169811 0.603862 0.087002 0.024008
4 0.153302 0.710856 0.053983 0.029228
4 0.149371 0.740605 0.046122 0.030271
4 0.257862 0.710856 0.037736 0.029228
4 0.147275 0.926409 0.044025 0.024008
4 0.146488 0.253653 0.015199 0.037578
