0 0.190501 0.812175 0.106472 0.026015
2 0.392745 0.423517 0.013048 0.058273
5 0.222860 0.206035 0.124217 0.031217
5 0.147443 0.281478 0.047495 0.028096
5 0.218424 0.283039 0.054802 0.022893
5 0.589509 0.283039 0.049582 0.022893
4 0.170929 0.614464 0.125783 0.034339
4 0.207724 0.685744 0.139875 0.027055
4 0.208246 0.545265 0.136743 0.022893
4 0.192328 0.770031 0.111169 0.027055
4 0.201461 0.892820 0.127349 0.022893
4 0.190240 0.853278 0.106994 0.027055
4 0.396921 0.286160 0.100731 0.027055
4 0.205637 0.174818 0.089770 0.029136
4 0.179802 0.727367 0.084029 0.024974
4 0.505480 0.283039 0.090292 0.022893
4 0.176670 0.935484 0.077766 0.022893
4 0.169624 0.979188 0.063674 0.027055
4 0.736952 0.286160 0.061587 0.027055
4 0.661013 0.283559 0.064196 0.021852
4 0.149791 0.325182 0.041754 0.030177
4 0.701983 0.159209 0.056367 0.020812
4 0.160491 0.642560 0.045407 0.021852
4 0.668841 0.329865 0.033925 0.029136
4 0.607516 0.217482 0.026096 0.037461
4 0.782098 0.220083 0.069415 0.013528
4 0.312109 0.283039 0.040710 0.022893
4 0.914144 0.451093 0.034969 0.021852
4 0.704854 0.330385 0.025574 0.021852
4 0.034186 0.444849 0.021399 0.026015
4 0.084812 0.418835 0.023486 0.021852
4 0.924582 0.439126 0.020355 0.022893
4 0.268789 0.284599 0.018789 0.021852
4 0.160230 0.428720 0.020877 0.018730
4 0.851775 0.194589 0.019833 0.016649
4 0.153706 0.453694 0.022443 0.014568
4 0.155793 0.491675 0.020355 0.015609
4 0.089770 0.433403 0.014614 0.019771
4 0.229645 0.362643 0.015658 0.017690
4 0.124739 0.203434 0.013570 0.017690
4 0.031576 0.339750 0.015136 0.015609
4 0.053758 0.338189 0.012526 0.016649
