9 0.416275 0.561915 0.189880 0.052029
9 0.386541 0.424558 0.131455 0.049948
3 0.624413 0.554631 0.682316 0.341311
5 0.413146 0.691988 0.138758 0.027055
6 0.123109 0.528616 0.131455 0.024974
6 0.123631 0.661290 0.122066 0.021852
5 0.648670 0.229448 0.097548 0.023933
5 0.822900 0.227888 0.059990 0.020812
5 0.123370 0.715401 0.052686 0.021852
5 0.174231 0.229969 0.034429 0.033299
5 0.019823 0.278876 0.031299 0.022893
4 0.624674 0.327263 0.378195 0.036420
4 0.454617 0.624350 0.222744 0.027055
4 0.236828 0.164412 0.302556 0.018730
4 0.513041 0.229969 0.142410 0.033299
4 0.123370 0.446930 0.162233 0.021852
4 0.084768 0.385536 0.115284 0.030177
4 0.084507 0.953694 0.115806 0.023933
4 0.083725 0.913111 0.114241 0.023933
4 0.068597 0.864724 0.081899 0.033299
4 0.123631 0.581165 0.123109 0.021852
4 0.123891 0.607180 0.113198 0.021852
4 0.396714 0.484912 0.105895 0.022893
4 0.092853 0.991155 0.132499 0.017690
4 0.140063 0.183143 0.109025 0.020812
4 0.286907 0.227888 0.104330 0.020812
4 0.123631 0.472945 0.080334 0.021852
4 0.390454 0.227888 0.071466 0.020812
4 0.744914 0.227888 0.063641 0.020812
4 0.849504 0.416233 0.028691 0.020812
