2 0.324204 0.595620 0.304121 0.069444
2 0.823944 0.518697 0.101721 0.125000
3 0.375587 0.887286 0.226395 0.225427
3 0.867240 0.887286 0.225874 0.225427
3 0.621544 0.887286 0.225874 0.225427
3 0.129630 0.887286 0.225874 0.225427
5 0.062337 0.376068 0.086072 0.038462
4 0.324987 0.545406 0.197183 0.043803
4 0.799687 0.731303 0.288993 0.024573
4 0.337507 0.215278 0.107460 0.052350
4 0.926969 0.211004 0.090767 0.028846
4 0.799948 0.471688 0.052686 0.041667
4 0.196140 0.216346 0.056338 0.024573
4 0.616067 0.808761 0.031299 0.038462
4 0.029473 0.350427 0.025561 0.042735
4 0.623891 0.148504 0.039645 0.023504
4 0.781951 0.808761 0.019823 0.040598
4 0.535211 0.809829 0.019823 0.036325
4 0.133542 0.810363 0.033385 0.016026
4 0.291080 0.806624 0.018779 0.025641
4 0.477569 0.672009 0.022431 0.021368
4 0.363850 0.808761 0.025561 0.017094
4 0.883412 0.155449 0.015128 0.026709
4 0.824987 0.809295 0.021388 0.018162
4 0.040949 0.809829 0.013041 0.021368
4 0.093114 0.810897 0.016171 0.014957
4 0.685185 0.810897 0.014085 0.014957
