9 0.601993 0.868311 0.226534 0.051417
9 0.568432 0.725603 0.158364 0.057712
9 0.631358 0.533578 0.158364 0.053515
0 0.735973 0.962749 0.238595 0.040923
0 0.288149 0.662120 0.309911 0.029381
3 0.709229 0.628017 0.410593 0.557188
6 0.203461 0.981112 0.373361 0.029381
6 0.180388 0.949633 0.329313 0.029381
6 0.303094 0.429171 0.338752 0.023085
5 0.172522 0.250262 0.182486 0.034627
5 0.163346 0.313746 0.166230 0.029381
6 0.597798 0.885624 0.171998 0.023085
5 0.160199 0.502099 0.052963 0.019937
5 0.160199 0.631165 0.052963 0.019937
4 0.308862 0.533054 0.351337 0.029381
4 0.300210 0.791186 0.332984 0.029381
4 0.802832 0.890871 0.171998 0.048269
4 0.301783 0.401889 0.336130 0.023085
4 0.809124 0.543547 0.184583 0.039874
4 0.799423 0.439664 0.167278 0.031480
4 0.584688 0.756558 0.145779 0.035677
4 0.798112 0.573977 0.164657 0.031480
4 0.587572 0.657398 0.151547 0.032529
4 0.601730 0.684680 0.179864 0.026233
4 0.598060 0.835257 0.171474 0.027282
4 0.597011 0.809024 0.169376 0.027282
4 0.787362 0.677859 0.142108 0.031480
4 0.591243 0.311123 0.180912 0.024134
4 0.587310 0.782791 0.149974 0.027282
4 0.542737 0.254460 0.082853 0.043022
4 0.639748 0.462749 0.128998 0.027282
4 0.639748 0.495278 0.128998 0.027282
4 0.778448 0.779119 0.124279 0.026233
4 0.555060 0.620147 0.086523 0.029381
4 0.181175 0.557712 0.095962 0.024134
4 0.745936 0.411857 0.060304 0.026233
4 0.524646 0.406086 0.037231 0.037775
4 0.740692 0.858867 0.049816 0.026233
4 0.739906 0.649528 0.049292 0.025184
4 0.740168 0.753935 0.046670 0.026233
4 0.737808 0.515740 0.045097 0.026233
4 0.466439 0.762329 0.047719 0.024134
4 0.466702 0.633263 0.047195 0.024134
4 0.468799 0.375131 0.042999 0.024134
4 0.468799 0.504197 0.042999 0.024134
4 0.470110 0.891396 0.040378 0.024134
4 0.517042 0.385100 0.018878 0.046170
4 0.538018 0.378804 0.027268 0.027282
4 0.537756 0.545121 0.021500 0.022036
4 0.538280 0.459601 0.020451 0.023085
4 0.560566 0.396118 0.028317 0.015740
4 0.142632 0.373033 0.017829 0.019937
4 0.142632 0.760231 0.017829 0.019937
4 0.108810 0.903987 0.024646 0.013641
4 0.142108 0.889297 0.016780 0.019937
4 0.533561 0.396118 0.017305 0.015740
